x	%Err(E)		%Err(M)		%Err(RK4)
----	----------	----------	----------
| 0.1 | 0.0079487 | 0.0099815 | 1.6961e-05 |
| 0.2 | 0.060345 | 0.01282 | 1.5176e-05 |
| 0.3 | 0.15345 | 0.016702 | 1.2735e-05 |
| 0.4 | 0.30881 | 0.023197 | 8.6499e-06 |
| 0.5 | 0.67775 | 0.038657 | 1.0742e-06 |
| 0.6 | 3.5431 | 0.15894 | 7.6731e-05 |
| 0.7 | -1.551 | -0.05501 | -5.7846e-05 |
| 0.8 | -0.70075 | -0.019373 | -3.5431e-05 |
| 0.9 | -0.47638 | -0.010048 | -2.9568e-05 |
| 1.0 | -0.38541 | -0.0064012 | -2.7277e-05 |
| 1.1 | -0.38183 | -0.0066506 | -2.7443e-05 |
| 1.2 | -0.69311 | -0.02158 | -3.6874e-05 |
| 1.3 | 0.76755 | 0.0466 | 6.1615e-06 |
| 1.4 | 0.29699 | 0.024216 | 7.9756e-06 |
| 1.5 | 0.29949 | 0.023951 | 8.1503e-06 |
| 1.6 | 0.41069 | 0.028627 | 5.2089e-06 |
| 1.7 | 0.68332 | 0.040438 | 2.2289e-06 |
| 1.8 | 1.6257 | 0.081661 | 2.8196e-05 |
| 1.9 | -10.039 | -0.43052 | -0.00029447 |
| 2.0 | -1.4414 | -0.053291 | -5.6829e-05 |
| 2.1 | -0.86137 | -0.028066 | -4.0943e-05 |
| 2.2 | -0.68806 | -0.020816 | -3.6383e-05 |
| 2.3 | -0.6839 | -0.021304 | -3.6705e-05 |
| 2.4 | -0.96635 | -0.035541 | -4.5714e-05 |
| 2.5 | -7.1515 | -0.33683 | -0.00023617 |
| 2.6 | 1.153 | 0.066736 | 1.8919e-05 |
| 2.7 | 0.6897 | 0.04377 | 4.3946e-06 |
| 2.8 | 0.68162 | 0.042842 | 3.7977e-06 |
| 2.9 | 0.8836 | 0.051859 | 9.4824e-06 |
| 3.0 | 1.5055 | 0.080428 | 2.7509e-05 |
| 3.1 | 5.3574 | 0.25889 | 0.00014015 |
| 3.2 | -4.12 | -0.18122 | -0.00013765 |
| 3.3 | -1.6998 | -0.069292 | -6.7015e-05 |
| 3.4 | -1.2298 | -0.048021 | -5.3599e-05 |
| 3.5 | -1.1497 | -0.045186 | -5.1829e-05 |
| 3.6 | -1.4043 | -0.058878 | -6.0511e-05 |
| 3.7 | -2.9489 | -0.1378 | -0.00011048 |
| 3.8 | 6.7499 | 0.35356 | 0.00020054 |
| 3.9 | 1.7719 | 0.1006 | 4.0409e-05 |
| 4.0 | 1.3068 | 0.076463 | 2.5121e-05 |
| 4.1 | 1.3618 | 0.078544 | 2.6425e-05 |
| 4.2 | 1.8424 | 0.10178 | 4.1114e-05 |
| 4.3 | 3.6393 | 0.18999 | 9.69e-05 |
| 4.4 | -209.75 | -10.337 | -0.006562 |
| 4.5 | -3.9931 | -0.18753 | -0.00014192 |
| 4.6 | -2.3395 | -0.10667 | -9.0782e-05 |
| 4.7 | -1.9748 | -0.089754 | -8.0103e-05 |
| 4.8 | -2.1441 | -0.10007 | -8.6667e-05 |
| 4.9 | -3.2472 | -0.15953 | -0.00012438 |
| 5.0 | -14.616 | -0.76384 | -0.00050753 |
| 5.1 | 5.5822 | 0.30796 | 0.00017198 |
| 5.2 | 2.8027 | 0.1598 | 7.8043e-05 |
| 5.3 | 2.3753 | 0.13648 | 6.3244e-05 |
| 5.4 | 2.6684 | 0.15124 | 7.2591e-05 |
| 5.5 | 3.9862 | 0.21988 | 0.00011609 |
| 5.6 | 11.089 | 0.5923 | 0.00035215 |
| 5.7 | -14.211 | -0.73711 | -0.00049055 |
| 5.8 | -4.9783 | -0.25311 | -0.00018377 |
| 5.9 | -3.5911 | -0.18152 | -0.00013842 |
| 6.0 | -3.4646 | -0.17699 | -0.00013559 |
| 6.1 | -4.3644 | -0.22863 | -0.00016842 |
| 6.2 | -8.7207 | -0.47258 | -0.00032336 |
| 6.3 | 43.279 | 2.4265 | 0.0015178 |
| 6.4 | 6.9079 | 0.39755 | 0.00022922 |
| 6.5 | 4.5814 | 0.26724 | 0.00014645 |
| 6.6 | 4.3428 | 0.25341 | 0.00013766 |
| 6.7 | 5.355 | 0.30939 | 0.00017322 |
| 6.8 | 9.4289 | 0.53637 | 0.00031738 |
| 6.9 | 91.973 | 5.148 | 0.0032467 |
| 7.0 | -12.946 | -0.71577 | -0.00047803 |
| 7.1 | -7.1094 | -0.39113 | -0.00027184 |
| 7.2 | -5.9715 | -0.32987 | -0.00023298 |
| 7.3 | -6.5226 | -0.36496 | -0.00025536 |
| 7.4 | -9.7035 | -0.55339 | -0.00037527 |
| 7.5 | -32.625 | -1.9004 | -0.0012323 |
| 7.6 | 22.69 | 1.3468 | 0.00083366 |
| 7.7 | 9.845 | 0.59208 | 0.00035346 |
| 7.8 | 7.7615 | 0.46948 | 0.00027546 |
| 7.9 | 8.158 | 0.49302 | 0.00029045 |
| 8.0 | 11.314 | 0.67994 | 0.00040942 |
| 8.1 | 26.676 | 1.5914 | 0.00098955 |
| 8.2 | -59.077 | -3.5021 | -0.0022526 |
| 8.3 | -15.982 | -0.94465 | -0.00062474 |
| 8.4 | -11.099 | -0.65733 | -0.0004419 |
| 8.5 | -10.576 | -0.63082 | -0.00042512 |
| 8.6 | -13.106 | -0.79066 | -0.00052706 |
| 8.7 | -24.372 | -1.4903 | -0.00097303 |
| 8.8 | 664.81 | 41.198 | 0.026236 |
| 8.9 | 24.879 | 1.5587 | 0.00097034 |
| 9.0 | 15.207 | 0.95967 | 0.00058852 |
| 9.1 | 13.66 | 0.86482 | 0.00052809 |
| 9.2 | 15.961 | 1.0105 | 0.00062102 |
| 9.3 | 25.97 | 1.641 | 0.0010232 |
| 9.4 | 129.06 | 8.1383 | 0.0051672 |
| 9.5 | -45.485 | -2.8661 | -0.0018516 |
| 9.6 | -22.701 | -1.433 | -0.00093757 |
| 9.7 | -18.508 | -1.1738 | -0.00077235 |
| 9.8 | -19.797 | -1.2648 | -0.00083063 |
| 9.9 | -28.345 | -1.8276 | -0.0011901 |
| 10.0 | -77.994 | -5.0776 | -0.0032655 |
