0.023871
0.008106
0.002730
0.026796
0.009457
0.003419
0.013466
0.020294
0.026673
0.000833
0.007524
0.001787
0.016334
0.002432
0.008598
0.006233
0.026469
0.017041
0.009926
0.011161
0.011802
0.005409
0.011722
0.008411
0.007748
0.005660
0.000343
0.027035
0.000863
0.007139
0.000131
0.001984
0.019299
0.006346
0.004650
0.004118
0.027427
0.008414
0.022374
0.017488
0.000275
0.005426
0.031086
0.005038
0.016787
0.007426
0.000474
0.002661
0.021168
0.002339
0.014208
0.009666
0.001584
0.000788
0.001792
0.065469
0.018148
0.012874
0.041948
0.000049
0.005148
0.057494
0.028975
0.008657
0.026972
0.020706
0.028223
0.001176
0.008170
0.003526
0.001423
0.000082
0.000920
0.005711
0.010327
0.000944
0.005896
0.011499
0.003176
0.033799
0.010814
0.000996
0.003569
0.020178
0.010561
0.003516
0.002021
0.044502
0.008308
0.002318
0.012965
0.005384
0.004275
0.011096
0.032116
0.003513
0.002171
0.017400
0.000956
0.014209
0.006637
0.005571
0.007472
0.007778
0.016377
0.002976
0.015012
0.004244
0.007149
0.000281
0.002998
0.001034
0.010179
0.012357
0.017521
0.025697
0.007419
0.022728
0.074840
0.001478
0.014936
0.002352
0.017525
0.048691
0.001218
0.016847
0.011622
0.044073
0.005878
0.009066
0.015838
0.013780
0.009772
0.003481
0.010751
0.003999
0.007492
0.003446
0.006135
0.002162
0.007759
0.005289
0.029839
0.005263
0.027466
0.003440
0.007327
0.008560
0.051006
0.007165
0.018366
0.014749
0.003220
0.001716
0.016169
0.002785
0.013749
0.002869
0.003214
0.009026
0.000579
0.012887
0.007531
0.032424
0.008138
0.009806
0.038824
0.022789
0.007114
0.000740
0.007227
0.001558
0.017406
0.007576
0.041291
0.014589
0.007777
0.010866
0.004739
0.013727
0.002168
0.039312
0.004609
0.003393
0.013169
0.018263
0.017154
0.010456
0.001814
0.061877
0.021208
0.041542
0.007103
0.032394
0.013100
0.010560
0.010778
0.005074
0.020227
0.020610
0.012454
0.009046
0.006666
0.023272
0.005343
0.008309
0.019095
0.004960
0.031368
0.010386
0.001568
0.012369
0.015408
0.011355
0.002862
0.024249
0.004387
0.000897
0.017420
0.027304
0.010217
0.005645
0.002101
0.013397
0.010076
0.006428
0.007065
0.044811
0.036861
0.034220
0.001086
0.001068
0.016954
0.015784
0.012132
0.003980
0.000591
0.021639
0.009214
0.016044
0.012909
0.005528
0.005358
0.026006
0.001502
0.020325
0.020153
0.010658
0.003387
0.003773
0.006966
0.003080
0.007826
0.021879
0.015515
0.002527
0.002310
0.005681
0.013967
0.017337
0.007369
0.031705
0.009084
0.020854
0.003106
0.000217
0.001641
0.010938
0.006212
0.001335
0.001087
0.011079
0.018800
0.005894
0.003693
0.002051
0.011640
0.003995
0.002602
0.013687
0.004486
0.021462
0.002919
0.025148
0.003861
0.001905
0.035534
0.005938
0.019695
0.005493
0.067920
0.018547
0.014188
0.001493
0.010502
0.006317
0.003846
0.000239
0.016349
0.002908
0.014202
0.002876
0.001633
0.027051
0.002926
0.004210
0.022709
0.007496
0.002314
0.038732
0.002922
0.013369
0.000837
0.008109
0.004115
0.006131
0.020195
0.004791
0.015025
0.005021
0.014651
0.006055
0.018545
0.002187
0.000058
0.010928
0.007601
0.008370
0.022007
0.010715
0.000018
0.021976
0.038263
0.003939
0.000555
0.021983
0.010710
0.000044
0.023036
0.000230
0.009566
0.000570
0.007565
0.004881
0.023985
0.002943
0.010829
0.011122
0.004822
0.012002
0.021591
0.005955
0.025879
0.022313
0.001720
0.004128
0.009461
0.013259
0.001958
0.053320
0.029162
0.019566
0.003578
0.005874
0.000115
0.014261
0.000006
0.026344
0.003879
0.014826
0.018177
0.005332
0.002570
0.057369
0.003873
0.014648
0.016984
0.003535
0.019552
0.009376
0.000634
0.009909
0.022870
0.001464
0.001422
0.013138
0.034114
0.017558
0.001524
0.028500
0.005450
0.000520
0.000829
0.000232
0.009512
0.000396
0.006217
0.000917
0.028512
0.017342
0.006836
0.018656
0.024558
0.002762
0.005472
0.008368
0.016718
0.000419
0.010272
0.000846
0.005381
0.008906
0.029988
0.025396
0.000388
0.005644
0.029420
0.002178
0.021080
0.007462
0.005652
0.001840
0.009912
0.000678
0.006168
0.024705
0.013613
0.003233
0.006306
0.004929
0.006175
0.006511
0.032817
0.030289
0.001596
0.009096
0.000293
0.008326
0.015427
0.026189
0.020313
0.006298
0.007298
0.001201
0.010529
0.011188
0.006909
0.003190
0.009434
0.002057
0.001912
0.008303
0.012608
0.007329
0.036070
0.009919
0.009647
0.002384
0.002814
0.013010
0.000867
0.010864
0.026587
0.000755
0.006905
0.000241
0.004363
0.011330
0.032274
0.002511
0.018511
0.075193
0.000410
0.003037
0.000045
0.001047
0.007465
0.045954
0.020185
0.000435
0.068542
0.052994
0.000496
0.003285
0.000468
0.001887
0.008923
0.020143
0.002952
0.000753
0.007646
0.003099
0.002780
0.003104
0.009306
0.002343
0.004467
0.003839
0.026734
0.030575
0.009718
0.000282
0.003938
0.006813
0.002076
0.017520
0.015887
0.009505
0.008382
0.009398
0.014605
0.005938
0.000862
0.070405
0.005955
0.004567
0.006928
0.020034
0.041019
0.011044
0.024423
0.025446
0.008468
0.001710
0.005158
0.026328
0.003215
0.007608
0.014818
0.000818
0.001749
0.002996
0.001370
0.015244
0.004346
0.006814
0.026342
0.008381
0.000320
0.017567
0.004474
0.000159
0.005739
0.001246
0.003694
0.014293
0.019221
0.010820
0.006575
0.003455
0.018240
0.007067
0.014351
0.002948
0.001536
0.020317
0.018823
0.007262
0.012783
0.026129
0.008536
0.001068
0.000481
0.008404
0.011357
0.002422
0.014428
0.009255
0.046638
0.002009
0.001410
0.004523
0.024716
0.007179
0.025255
0.003973
0.021945
0.008982
0.012442
0.002326
0.005285
0.009733
0.001921
0.053553
0.012598
0.033963
0.012222
0.032755
0.010390
0.000532
0.002331
0.012953
0.005204
0.003366
0.005421
0.053849
0.017437
0.012567
0.000447
0.008767
0.015395
0.015566
0.028680
0.053174
0.021588
0.000786
0.042333
0.003568
0.019769
0.009469
0.000483
0.007402
0.005197
0.000243
0.000693
0.002035
0.006725
0.001951
0.001627
0.007064
0.008464
0.000857
0.043937
0.003192
0.012097
0.014718
0.010578
0.002765
0.000667
0.009326
0.014512
0.006152
0.002047
0.006553
0.001156
0.024394
0.000619
0.006274
0.002693
0.011797
0.031723
0.009171
0.026565
0.000376
0.003639
0.003574
0.003085
0.000965
0.008110
0.002716
0.026089
0.008619
0.001393
0.002017
0.036286
0.005001
0.007987
0.025072
0.035821
0.025444
0.016312
0.009782
0.016433
0.007525
0.001753
0.015673
0.001452
0.003213
0.005835
0.002754
0.022115
0.014207
0.015944
0.009834
0.019016
0.019346
0.014618
0.000660
0.001368
0.002161
0.000249
0.014632
0.040590
0.010215
0.015048
0.002402
0.017281
0.031754
0.019244
0.006866
0.007846
0.062855
0.018106
0.013102
0.000136
0.003110
0.003166
0.005587
0.002014
0.013075
0.010064
0.008172
0.029123
0.001274
0.007640
0.025657
0.001511
0.022815
0.000103
0.008661
0.032461
0.000694
0.065316
0.008213
0.034766
0.004348
0.004829
0.004078
0.019289
0.015770
0.002770
0.004098
0.027410
0.021079
0.027957
0.000328
0.001553
0.007887
0.017628
0.004896
0.001902
0.033334
0.004686
0.008690
0.002674
0.012989
0.001949
0.001006
0.000006
0.010078
0.004752
0.030996
0.013162
0.013503
0.001360
0.014017
0.001559
0.012640
0.017929
0.023260
0.002965
0.013737
0.001325
0.011520
0.015377
0.021971
0.011315
0.001672
0.006204
0.003118
0.020337
0.022443
0.018502
0.001725
0.021561
0.018125
0.003242
0.007106
0.009859
0.005791
0.004722
0.009992
0.007960
0.025770
0.073520
0.001720
0.019889
0.010804
0.010245
0.018221
0.010515
0.008862
0.032872
0.071769
0.012414
0.020527
0.002364
0.018695
0.001381
0.012928
0.032512
0.017537
0.002675
0.005748
0.008126
0.009993
0.000006
0.000628
0.004275
0.004404
0.002399
0.005877
0.014209
0.014994
0.001042
0.002660
0.007041
0.024449
0.004028
0.032489
0.000973
0.001576
0.000466
0.002080
0.011172
0.002260
0.014032
0.010220
0.004108
0.013264
0.006443
0.009469
0.010329
0.011250
0.008654
0.013362
0.007328
0.017418
0.009137
0.005297
0.006501
0.004897
0.004372
0.024047
0.007869
0.001562
0.008676
0.036342
0.002302
0.008688
0.008459
0.007284
0.003176
0.005806
0.002945
0.030907
0.011591
0.006089
0.025904
0.018609
0.018878
0.015294
0.003145
0.050513
0.027894
0.009020
0.000647
0.014105
0.011598
0.009694
0.019868
0.004701
0.005486
0.023967
0.031711
0.023572
0.014907
0.002419
0.022902
0.007611
0.002431
0.039079
0.001977
0.003976
0.004791
0.007660
0.026910
0.002474
0.001636
0.001600
0.011994
0.012093
0.002292
0.006932
0.000590
0.007372
0.003739
0.009743
0.031800
0.013361
0.003485
0.044006
0.000033
0.004140
0.013789
0.007971
0.021123
0.006939
0.010148
0.008496
0.007463
0.004385
0.002373
0.005864
0.014650
0.018458
0.006753
0.010260
0.011554
0.004505
0.000642
0.001070
0.000532
0.008951
0.014774
0.010195
0.001402
0.012021
0.002471
0.037635
0.034905
0.000983
0.000066
0.005404
0.000753
0.002658
0.012214
0.000221
0.008479
0.019968
0.005439
0.034850
0.007600
0.004233
0.012215
0.002124
0.004910
0.009778
0.005043
0.001436
0.013594
0.009375
0.000522
0.003335
0.000471
0.001521
0.005471
0.001260
0.006074
0.007391
0.003012
0.003893
0.014183
0.013560
0.025127
0.003397
0.012541
0.013429
0.003610
0.010811
0.003039
0.001105
0.010415
0.012454
0.014907
0.008726
0.017114
0.037972
0.000016
0.007226
0.012186
0.019242
0.001428
0.010801
0.008649
0.003910
0.003457
0.005300
0.028676
0.004185
0.011929
0.001721
0.003390
0.003890
0.007861
0.006267
0.002246
0.007201
0.001991
0.035676
0.004991
0.008505
0.085444
0.007382
0.004759
0.035023
0.019285
0.003825
0.008811
0.013565
0.006823
0.010385
0.011461
0.009241
0.016518
0.014906
0.010840
0.002954
0.000565
0.005785
0.021810
0.012021
0.003381
0.006302
0.002234
0.046333
0.005975
0.008690
0.011026
0.000094
0.018376
0.010068
0.006136
0.005375
0.011629
0.008376
0.008167
0.008251
0.010903
0.001931
0.012123
0.007180
0.000434
0.003969
0.004912
0.008698
0.001092
0.057481
0.002583
0.002955
0.010944
0.011617
0.005997
0.022879
0.011716
0.001223
0.001101
0.013750
0.003499
0.007717
0.010448
0.003652
0.006848
0.003603
0.015316
0.052006
0.009966
0.007183
0.014149
0.001764
0.014692
0.041275
0.010194
0.014122
0.000549
0.002264
0.011687
0.002083
0.007567
0.005261
0.045634
0.017446
0.017220
0.015725
0.010388
0.036108
0.011039
0.000253
0.023010
0.025300
0.012613
0.000021
0.004302
0.016468
0.018494
0.000563
0.004706
0.008326
0.001237
0.002611
0.004165
0.000046
0.007972
0.019876
0.009514
0.000411
0.006349
0.001300
0.000103
0.002188
0.027545
0.027832
0.005314
0.000625
0.002423
0.012038
0.001646
0.002420
0.036401
0.025668
0.000335
0.005444
0.026506
0.001354
0.014874
0.003605
0.003454
0.002691
0.056853
0.002681
0.003654
0.019131
0.006811
0.007901
0.000382
0.041579
0.009003
0.006461
0.020194
0.002402
0.022746
0.007573
0.002556
0.000258
0.007650
0.010342
0.003718
0.008141
0.010152
0.000366
0.002300
0.017281
0.049933
0.002003
0.000695
0.060565
0.007835
0.025042
0.089534
0.002935
0.003809
0.014742
0.019567
0.009001
0.040490
0.001962
0.003178
0.000503
0.003042
0.035415
0.015175
0.017195
0.002135
0.003049
0.027052
0.005641
0.002988
0.000091
0.001736
0.015601
0.001464
0.003544
0.008326
0.005969
0.020020
0.009393
0.051592
0.002011
0.000467
0.026771
0.042107
0.023754
0.006655
0.021619
0.003112
0.031365
0.009399
0.029181
0.013563
0.023257
0.015492
0.000581
0.004544
0.006805
0.018709
0.026336
0.004195
0.020449
0.003854
0.005289
0.014322
0.054444
0.019202
0.021737
0.026781
0.026203
0.004799
0.000242
0.003521
0.002683
0.011269
0.024528
0.021976
0.001699
0.007916
0.013906
0.020457
0.019552
0.008573
0.024683
0.015064
0.007502
0.006484
0.005710
0.010197
0.000587
0.003692
0.001625
0.007021
0.008205
0.000254
0.019447
0.010065
0.003063
0.004948
0.000066
0.001173
0.008420
0.001806
0.006302
0.002255
0.006950
0.000954
0.011532
0.038366
0.004437
0.002961
0.010734
0.010249
0.002337
0.054498
0.046044
0.007396
0.002516
0.000967
0.020463
0.002224
0.016315
0.029612
0.026361
0.001512
0.018709
0.012470
0.020247
0.001760
0.010535
0.003887
0.004174
0.011131
0.050380
0.011066
0.014409
0.021353
0.017581
0.002187
0.002304
0.010406
0.007371
0.002291
0.001678
0.003540
0.005366
0.025922
0.001380
0.017755
0.011764
0.022400
0.008969
0.010601
0.021607
0.019432
0.005009
0.026788
0.004905
0.000038
0.001277
0.010139
0.007693
0.017673
0.006476
0.011930
0.000650
0.018326
0.002168
0.000419
0.018077
0.004294
0.024895
0.010398
0.011991
0.012032
0.002138
0.005982
0.025243
0.018959
0.004901
0.003481
0.010148
0.002008
0.027236
0.052715
0.033256
0.015610
0.029855
0.000392
0.000142
0.019495
0.012671
0.015674
0.010085
0.027670
0.005593
0.002005
0.012862
0.009218
0.005316
0.006048
0.002536
0.013107
0.003510
0.012182
0.009508
0.011208
0.001305
0.003174
0.009078
0.001030
0.022028
0.003730
0.001221
0.003370
0.010851
0.005473
0.029461
0.003436
0.004359
0.011561
0.044302
0.006298
0.012594
0.003545
0.018254
0.003104
0.006328
0.031851
0.029204
0.007174
0.000268
0.002741
0.058610
0.002369
0.001580
0.002158
0.026782
0.025379
0.012549
0.019635
0.005138
0.027931
0.004905
0.030202
0.009800
0.000826
0.008483
0.005995
0.023845
0.014272
0.006816
0.006287
0.011108
0.046303
0.012849
0.009741
0.003899
0.016678
0.000100
0.006766
0.007167
0.024227
0.002929
0.009956
0.006693
0.009858
0.009762
0.005242
0.002430
0.047317
0.004001
0.023514
0.012113
0.001250
0.053204
0.000755
0.008156
0.005346
0.018619
0.009059
0.001633
0.001247
0.007880
0.037773
0.008641
0.007088
0.001390
0.016660
0.007940
0.002708
0.034572
0.025444
0.019079
0.025646
0.002556
0.003871
0.033872
0.002848
0.021527
0.001239
0.002396
0.002745
0.011870
0.029332
0.029812
0.004616
0.004199
0.004622
0.016039
0.010129
0.021869
0.040070
0.004847
0.004343
0.025312
0.010447
0.011046
0.006861
0.003658
0.015939
0.000516
0.017689
0.002461
0.003735
0.035505
0.004910
0.008048
0.032339
0.004036
0.005058
0.008999
0.001098
0.027111
0.010192
0.005854
0.003202
0.057647
0.029660
0.014234
0.000247
0.005316
0.029117
0.014477
0.013631
0.004496
0.022672
0.004513
0.004205
0.053872
0.005354
0.002970
0.001784
0.028143
0.002354
0.047134
0.004769
0.001463
0.020624
0.024023
0.023763
0.006822
0.025337
0.006903
0.016438
0.010557
0.022735
0.028097
0.021875
0.029832
0.000155
0.028956
0.004413
0.013947
0.005518
0.001183
0.005009
0.002297
0.000456
0.015235
0.029272
0.001087
0.005680
0.007281
0.005619
0.002776
0.034443
0.021861
0.009397
0.016669
0.013578
0.011367
0.001597
0.011326
0.008558
0.011813
0.002894
0.016736
0.010467
0.017954
0.007907
0.038191
0.008624
0.006686
0.000003
0.003981
0.012590
0.005456
0.006579
0.003973
0.037632
0.003659
0.042239
0.008961
0.005915
0.013361
0.009885
0.005769
0.000905
0.007937
0.001663
0.009094
0.049151
0.003274
0.010235
0.004112
0.013147
0.005994
0.007014
0.002006
0.000316
0.021116
0.013756
0.013692
0.055324
0.034743
0.016611
0.043841
0.002838
0.008377
0.001350
0.003088
0.006223
0.006030
0.018199
0.016088
0.000486
0.021417
0.010695
0.000938
0.003747
0.029180
0.001150
0.006365
0.011560
0.000369
0.017034
0.002828
0.009140
0.004275
0.000903
0.020843
0.003439
0.002188
0.014456
0.022688
0.024080
0.011190
0.024571
0.022626
0.004083
0.001955
0.005593
0.024686
0.031674
0.018529
0.005413
0.002071
0.017477
0.001940
0.001127
0.003155
0.010344
0.005764
0.002044
0.010848
0.001644
0.009133
0.000014
0.005210
0.000449
0.001946
0.009909
0.053924
0.062239
0.049410
0.009621
0.008882
0.003110
0.017036
0.008217
0.002697
0.022025
0.003160
0.027092
0.004508
0.023449
0.005500
0.009038
0.027003
0.014075
0.001201
0.007907
0.055288
0.015438
0.005639
0.019863
0.008852
0.026696
0.016084
0.006519
0.032200
0.017965
0.000015
0.000413
0.002543
0.020894
0.003035
0.052689
0.044260
0.039923
0.000187
0.007660
0.011943
0.010514
0.025940
0.001710
0.028412
0.003285
0.004703
0.020218
0.054775
0.015500
0.005898
0.024701
0.019103
0.036487
0.012369
0.003687
0.026328
0.044213
0.031682
0.019277
0.007031
0.008829
0.002289
0.001853
0.002230
0.046930
0.038144
0.009823
0.018119
0.014780
0.003984
0.006312
0.031974
0.042596
0.008627
0.004263
0.003554
0.026940
0.001006
0.008840
0.003472
0.008970
0.040311
0.002072
0.004009
0.003958
0.002165
0.008966
0.012767
0.003304
0.012579
0.015751
0.011093
0.001073
0.002776
0.007575
0.034046
0.009072
0.014520
0.008117
0.014343
0.019916
0.012683
0.013273
0.002601
0.003421
0.017121
0.004821
0.002911
0.005704
0.004986
0.014079
0.001239
0.008280
0.000731
0.049884
0.005932
0.007100
0.002784
0.004418
0.056981
0.003725
0.012786
0.009264
0.005907
0.009948
0.029212
0.008203
0.000787
0.002942
0.007423
0.020053
0.018036
0.006218
0.008117
0.005170
0.016534
0.005447
0.009092
0.031905
0.026634
0.022631
0.020684
0.011225
0.012029
0.019028
0.001723
0.016664
0.003756
0.033233
0.003499
0.001252
0.005864
0.006158
0.041578
0.004165
0.000300
0.011195
0.005130
0.014842
0.001890
0.011052
0.003748
0.003967
0.004457
0.005423
0.006649
0.004592
0.001770
0.000317
0.040852
0.009884
0.012146
0.020825
0.003969
0.005068
0.010021
0.004613
0.027466
0.010147
0.005107
0.000116
0.000468
0.001843
0.008464
0.015823
0.026581
0.021607
0.000101
0.012994
0.020468
0.000198
0.023286
0.032712
0.039879
0.006601
0.022303
0.004458
0.004662
0.002297
0.002873
0.015985
0.008210
0.006267
0.000409
0.012924
0.010752
0.013556
0.018893
0.015874
0.004462
0.004986
0.003961
0.013831
0.010593
0.006499
0.004267
0.001130
0.030937
0.015770
0.000751
0.028602
0.025192
0.003729
0.026500
0.003749
0.012596
0.008116
0.002050
0.011739
0.004336
0.004060
0.000328
0.013481
0.016181
0.006738
0.042485
0.000631
0.011333
0.001793
0.007175
0.006760
0.010712
0.014801
0.051681
0.013415
0.001215
0.012524
0.041419
0.001127
0.023283
0.004327
0.003565
0.004171
0.004948
0.006551
0.008806
0.005630
0.012268
0.008358
0.004430
0.006430
0.016231
0.016996
0.030957
0.020535
0.011319
0.004727
0.009394
0.005120
0.003787
0.009799
0.029848
0.010221
0.002447
0.000508
0.012725
0.008024
0.001237
0.004489
0.040996
0.000760
0.014755
0.008311
0.009179
0.008353
0.003473
0.000896
0.003292
0.018203
0.009114
0.002851
0.010394
0.010046
0.003305
0.006876
0.007422
0.026344
0.003447
0.009707
0.000920
0.010419
0.017542
0.007161
0.022037
0.000589
0.021426
0.008792
0.013182
0.005661
0.000440
0.012925
0.050734
0.001271
0.016627
0.009793
0.012733
0.036285
0.031656
0.000215
0.021257
0.017386
0.002033
0.001890
0.008438
0.014347
0.014167
0.032264
0.007327
0.005239
0.000806
0.004339
0.002757
0.009925
0.008825
0.001410
0.001075
0.009555
0.007810
0.047968
0.014598
0.004962
0.018123
0.012890
0.044688
0.000524
0.008621
0.012104
0.003390
0.023104
0.031164
0.031813
0.003987
0.005283
0.011784
0.010272
0.025331
0.002272
0.002532
0.011588
0.046403
0.006703
0.015485
0.009328
0.017985
0.023233
0.002782
0.011455
0.020417
0.006981
0.004913
0.001297
0.013729
0.001486
0.013984
0.000396
0.001703
0.008266
0.017649
0.002535
0.004361
0.001528
0.000506
0.002829
0.024423
0.004947
0.003374
0.008120
0.016724
0.001683
0.001560
0.010561
0.005700
0.000660
0.001109
0.034935
0.025412
0.018072
0.018112
0.015523
0.005980
0.026606
0.024924
0.003666
0.017355
0.003034
0.009659
0.004282
0.028319
0.018202
0.001000
0.004623
0.000490
0.007434
0.005272
0.000380
0.001080
0.003216
0.011975
0.013345
0.006181
0.007138
0.001307
0.014248
0.002596
0.000052
0.005133
0.051331
0.025524
0.005766
0.006078
0.052414
0.007330
0.019983
0.019752
0.010960
0.005517
0.027140
0.001378
0.013212
0.046486
0.050194
0.001459
0.021657
0.036892
0.004069
0.001847
0.004890
0.015316
0.004896
0.011075
0.011748
0.005711
0.015754
0.078635
0.009731
0.003798
0.015220
0.025147
0.024666
0.005772
0.007933
0.008437
0.015744
0.013260
0.022354
0.001022
0.046822
0.002054
0.001620
0.005693
0.001330
0.004696
0.044221
0.000084
0.004492
0.017378
0.010549
0.046635
0.017521
0.016776
0.013044
0.003406
0.011480
0.007667
0.005255
0.033824
0.008919
0.013551
0.005975
0.004889
0.009239
0.003128
0.012295
0.018053
0.037450
0.021671
0.006180
0.033270
0.000912
0.000649
0.013870
0.010455
0.005731
0.001399
0.004923
0.000002
0.000926
0.006954
0.031237
0.013736
0.016843
0.007241
0.047314
0.029646
0.012925
0.015317
0.007213
0.003994
0.014849
0.015438
0.083040
0.011756
0.013823
0.009394
0.002011
0.001834
0.008203
0.013455
0.012229
0.020881
0.003670
0.003106
0.000384
0.002809
0.034246
0.020183
0.006129
0.001541
0.002913
0.002842
0.005374
0.003869
0.007529
0.004803
0.023054
0.002482
0.008757
0.006414
0.026007
0.012711
0.038356
0.046848
0.010939
0.025911
0.017429
0.012922
0.001291
0.019485
0.024117
0.000278
0.007226
0.007169
0.013758
0.000987
0.007460
0.000171
0.000462
0.001261
0.003577
0.012412
0.009639
0.010249
0.009160
0.001056
0.020818
0.001834
0.009196
0.028367
0.014736
0.001105
0.004043
0.028367
0.027887
0.004208
0.014310
0.009122
0.044881
0.002371
0.004195
0.002108
0.005687
0.019904
0.008399
0.018203
0.002753
0.004180
0.032536
0.028975
0.013227
0.034731
0.017387
0.000856
0.012650
0.003165
0.011882
0.013774
0.008302
0.029013
0.000555
0.001946
0.008033
0.009899
0.000191
0.002294
0.025480
0.015456
0.007018
0.002654
0.004133
0.042745
0.003935
0.030789
0.000754
0.001564
0.002467
0.000202
0.008276
0.017890
0.002911
0.006342
0.009111
0.009281
0.005249
0.002810
0.022224
0.002395
0.010464
0.022384
0.011410
0.025977
0.002619
0.003775
0.024809
0.022122
0.003019
0.021474
0.061189
0.010550
0.008355
0.019785
0.005984
0.001759
0.005649
0.000002
0.016301
0.005776
0.013589
0.013009
0.030898
0.013942
0.019688
0.015400
0.001495
0.004491
0.019876
0.000778
0.002745
0.012772
0.000850
0.012559
0.002972
0.010413
0.008341
0.022441
0.012143
0.003161
0.017210
0.008041
0.001573
0.007234
0.010611
0.008132
0.015930
0.000231
0.012303
0.011232
0.031675
0.002610
0.023277
0.005816
0.012442
0.007112
0.033182
0.013972
0.013891
0.043163
0.003401
0.031363
0.010296
0.001307
0.009843
0.005904
0.005451
0.016501
0.003047
0.015129
0.003839
0.003926
0.003388
0.081047
0.024083
0.001884
0.002036
0.012861
0.008728
0.003298
0.025367
0.001662
0.033184
0.007649
0.005955
0.002101
0.009107
0.015564
0.011958
0.004213
0.002395
0.007959
0.003709
0.004488
0.008645
0.004117
0.002642
0.012015
0.058760
0.006127
0.006524
0.038072
0.000709
0.017780
0.008062
0.008962
0.010214
0.017030
0.007224
0.034770
0.014166
0.012279
0.013163
0.004050
0.020153
0.004684
0.013861
0.002909
0.003030
0.006869
0.002726
0.019619
0.005493
0.000087
0.023001
0.052250
0.005146
0.002216
0.034698
0.002237
0.009814
0.019435
0.022679
0.032125
0.000091
0.016481
0.004992
0.006046
0.005146
0.010657
0.006484
0.003849
0.036965
0.004508
0.004183
0.049739
0.004973
0.001852
0.025716
0.009248
0.001493
0.016461
0.005951
0.014413
0.014928
