0.017425
0.006202
0.005552
0.000156
0.026543
0.011502
0.054037
0.001766
0.031602
0.049409
0.005391
0.003005
0.019635
0.015292
0.013507
0.001352
0.031714
0.005694
0.005151
0.001762
0.009160
0.013275
0.015911
0.005342
0.000697
0.027503
0.021907
0.004594
0.002307
0.025818
0.010840
0.046067
0.014838
0.000976
0.009690
0.059019
0.002464
0.002602
0.020982
0.038086
0.003355
0.003587
0.016036
0.005348
0.002194
0.027303
0.017304
0.023968
0.045980
0.003857
0.030360
0.028567
0.012357
0.037540
0.036414
0.008413
0.011799
0.009963
0.002553
0.029725
0.018227
0.016312
0.043038
0.008502
0.084179
0.026462
0.001345
0.011821
0.005347
0.036268
0.008378
0.020172
0.050168
0.048121
0.019699
0.037263
0.007714
0.005744
0.015250
0.062827
0.029980
0.001933
0.010325
0.019933
0.002432
0.036415
0.000781
0.015055
0.051091
0.019933
0.013614
0.004523
0.019976
0.000003
0.002476
0.025155
0.007045
0.005376
0.019757
0.023621
0.011036
0.004948
0.009592
0.007138
0.006819
0.079187
0.003742
0.004564
0.020910
0.001688
0.012509
0.002801
0.011823
0.015147
0.002434
0.026839
0.011770
0.058338
0.009164
0.023550
0.007317
0.013539
0.003726
0.011859
0.008701
0.048081
0.035643
0.030055
0.002866
0.021238
0.028992
0.018728
0.023506
0.017734
0.005313
0.084314
0.024180
0.010855
0.002485
0.030669
0.023247
0.000405
0.026355
0.003441
0.003601
0.002448
0.003431
0.043908
0.047223
0.009236
0.001149
0.038632
0.022332
0.007400
0.022860
0.006559
0.010988
0.000109
0.001200
0.007222
0.008227
0.005637
0.008685
0.041527
0.000295
0.001765
0.009521
0.016092
0.039484
0.001307
0.021711
0.005215
0.006639
0.017600
0.065824
0.008359
0.010352
0.007071
0.004519
0.019051
0.002875
0.002561
0.012688
0.029913
0.008564
0.000629
0.046136
0.003849
0.041217
0.020588
0.115616
0.000178
0.001490
0.008754
0.014805
0.048025
0.019052
0.013855
0.009632
0.023837
0.023068
0.028359
0.007152
0.042519
0.039114
0.002597
0.107047
0.032569
0.062254
0.001371
0.017962
0.005716
0.000806
0.043204
0.000303
0.000133
0.043251
0.007570
0.042051
0.009003
0.005320
0.001150
0.002927
0.007550
0.021828
0.002962
0.022836
0.044188
0.002115
0.013137
0.007354
0.031886
0.009591
0.001004
0.024302
0.039832
0.026596
0.018482
0.003946
0.000986
0.030196
0.026328
0.030530
0.033681
0.028385
0.003678
0.001208
0.028408
0.002213
0.020405
0.065829
0.038302
0.012586
0.002046
0.005067
0.012636
0.031247
0.011673
0.008842
0.027241
0.004443
0.009114
0.009970
0.000282
0.009483
0.005096
0.037750
0.001137
0.015834
0.040227
0.030352
0.002596
0.003733
0.047688
0.044487
0.003088
0.026739
0.019084
0.007075
0.002625
0.001256
0.004624
0.024343
0.007154
0.033600
0.011528
0.005674
0.011059
0.007378
0.056608
0.017466
0.018866
0.015510
0.005793
0.027339
0.024479
0.009159
0.009656
0.053829
0.000947
0.031618
0.010818
0.006803
0.041456
0.017717
0.020019
0.011027
0.005669
0.019239
0.002754
0.020282
0.033859
0.001462
0.054131
0.032100
0.010972
0.026194
0.021467
0.011368
0.044381
0.008305
0.093114
0.062067
0.016300
0.002748
0.015702
0.020802
0.001028
0.006906
0.008473
0.010017
0.004581
0.016645
0.016213
0.003839
0.046721
0.036329
0.029269
0.003765
0.094166
0.007587
0.000924
0.006918
0.009999
0.023077
0.014322
0.034607
0.005540
0.062978
0.012958
0.006740
0.007588
0.006286
0.024015
0.027701
0.002810
0.044078
0.003619
0.047106
0.051530
0.008140
0.022019
0.072578
0.012979
0.020826
0.007811
0.050841
0.011237
0.038533
0.007511
0.002800
0.038803
0.089428
0.001958
0.020931
0.002715
0.027909
0.010497
0.017794
0.032694
0.011081
0.005584
0.014631
0.050538
0.036023
0.031098
0.012457
0.029176
0.008795
0.003126
0.015620
0.005197
0.058775
0.022698
0.017174
0.005042
0.008148
0.013492
0.045218
0.036580
0.058927
0.051223
0.016424
0.004444
0.000535
0.006172
0.010356
0.000445
0.007797
0.032457
0.014896
0.041211
0.009964
0.012151
0.003206
0.020604
0.016380
0.013129
0.029061
0.004259
0.002873
0.000556
0.044003
0.009440
0.031500
0.011736
0.012114
0.021181
0.028860
0.018721
0.024362
0.021928
0.017179
0.009678
0.000544
0.015456
0.001975
0.015647
0.014703
0.035886
0.023958
0.020251
0.012220
0.001736
0.007655
0.003246
0.009235
0.005166
0.058018
0.015806
0.032302
0.007091
0.012798
0.019977
0.012564
0.000749
0.036823
0.030116
0.006116
0.004164
0.018621
0.075031
0.028541
0.031195
0.014954
0.022434
0.005353
0.004757
0.002279
0.021330
0.011788
0.002795
0.012282
0.018835
0.012438
0.004525
0.051431
0.021983
0.023888
0.002314
0.004932
0.007876
0.071416
0.042327
0.028171
0.018488
0.002234
0.000931
0.006303
0.005956
0.001335
0.068743
0.004885
0.017478
0.015977
0.089517
0.038614
0.058194
0.100720
0.005517
0.004915
0.001864
0.013092
0.000324
0.010639
0.003846
0.004870
0.023049
0.003838
0.026693
0.040927
0.013125
0.000689
0.022973
0.043758
0.022233
0.007434
0.006546
0.033226
0.007567
0.014212
0.004247
0.011172
0.009323
0.003779
0.006319
0.001449
0.040367
0.018669
0.033301
0.007246
0.011419
0.036334
0.000752
0.014912
0.049206
0.019339
0.013470
0.006490
0.003148
0.006805
0.010725
0.039438
0.008300
0.005384
0.006371
0.012526
0.007604
0.018452
0.026792
0.051413
0.026269
0.006276
0.020258
0.009384
0.012826
0.007648
0.015496
0.008466
0.002581
0.013590
0.009788
0.030075
0.008930
0.019630
0.012584
0.001993
0.004710
0.010391
0.015169
0.013209
0.000943
0.027042
0.012052
0.013774
0.013149
0.097098
0.011967
0.038544
0.100366
0.002793
0.038442
0.073298
0.000967
0.012514
0.011598
0.009379
0.004625
0.028485
0.023868
0.006604
0.007056
0.004551
0.012255
0.052292
0.027010
0.013649
0.003327
0.007726
0.015536
0.007906
0.000080
0.054669
0.018796
0.001678
0.000153
0.013917
0.001121
0.019839
0.009147
0.011274
0.003399
0.009635
0.004854
0.027081
0.014258
0.007395
0.003578
0.002374
0.003172
0.000101
0.029859
0.081389
0.044267
0.011046
0.029476
0.006117
0.008173
0.018111
0.014590
0.021349
0.010433
0.004499
0.006976
0.054812
0.007308
0.033586
0.074046
0.009612
0.016049
0.035105
0.045640
0.045221
0.120089
0.011968
0.003732
0.007578
0.008706
0.005193
0.002352
0.014551
0.003528
0.003870
0.016261
0.030065
0.016459
0.007310
0.022039
0.005260
0.005643
0.008462
0.034794
0.030215
0.004539
0.001934
0.020370
0.008068
0.015757
0.018965
0.023259
0.014853
0.042126
0.011370
0.021554
0.000228
0.054220
0.015197
0.033118
0.028145
0.107066
0.048485
0.008449
0.036407
0.040020
0.002665
0.017482
0.007757
0.016632
0.012378
0.017961
0.008249
0.017238
0.009831
0.000894
0.018388
0.007260
0.007073
0.000023
0.004058
0.003070
0.003276
0.017524
0.004097
0.024459
0.023564
0.034333
0.001598
0.013261
0.026963
0.000371
0.006009
0.011667
0.007060
0.024180
0.014046
0.019731
0.003433
0.003313
0.011941
0.008544
0.063011
0.013447
0.008931
0.021238
0.020321
0.039452
0.007389
0.001096
0.010350
0.000482
0.008172
0.040314
0.002589
0.033625
0.034157
0.014364
0.020919
0.004778
0.007063
0.037086
0.008106
0.008306
0.095185
0.033407
0.017110
0.008880
0.005511
0.016880
0.005881
0.006346
0.000587
0.005454
0.028020
0.009077
0.007547
0.014696
0.006184
0.031031
0.007456
0.022493
0.005193
0.003646
0.041449
0.026292
0.013504
0.013067
0.004325
0.013894
0.006280
0.000157
0.013149
0.052035
0.002043
0.003897
0.004116
0.012947
0.006813
0.032530
0.098919
0.002489
0.012611
0.027319
0.004268
0.007566
0.003289
0.081233
0.012319
0.120170
0.021176
0.001214
0.006828
0.005862
0.033684
0.019592
0.009191
0.013075
0.014204
0.021183
0.006380
0.019813
0.007232
0.001156
0.012751
0.010951
0.001045
0.017795
0.003719
0.016281
0.036844
0.011538
0.058241
0.019549
0.018831
0.002760
0.028296
0.010811
0.018547
0.033365
0.007956
0.017283
0.013181
0.018123
0.003732
0.013894
0.013522
0.009002
0.021026
0.018085
0.019933
0.008566
0.007245
0.018696
0.043981
0.026772
0.010374
0.023714
0.012561
0.012255
0.012746
0.019674
0.011798
0.061649
0.016698
0.038014
0.046361
0.021864
0.041298
0.040610
0.048386
0.004555
0.022161
0.019733
0.000414
0.004126
0.002579
0.127751
0.054190
0.054206
0.033184
0.007895
0.017378
0.014408
0.006682
0.046761
0.024308
0.005052
0.022072
0.000442
0.050892
0.043117
0.050573
0.002016
0.004805
0.010840
0.017222
0.020264
0.015616
0.011358
0.019660
0.002290
0.001039
0.000064
0.014568
0.004144
0.007883
0.006049
0.016028
0.063489
0.019348
0.014395
0.003820
0.020708
0.008083
0.001862
0.010533
0.024097
0.017865
0.008747
0.051197
0.005765
0.003665
0.022074
0.015014
0.001697
0.016250
0.022095
0.054163
0.021745
0.004509
0.004725
0.010149
0.013164
0.005924
0.001909
0.003120
0.000935
0.047299
0.001482
0.003908
0.011020
0.066559
0.034857
0.007236
0.007553
0.002255
0.023152
0.000707
0.000054
0.066481
0.030092
0.000926
0.002277
0.005456
0.012472
0.019373
0.013006
0.004495
0.029363
0.033062
0.036842
0.014465
0.014289
0.030902
0.001044
0.001420
0.056819
0.001007
0.026528
0.001197
0.016136
0.042656
0.004238
0.002965
0.001209
0.001240
0.032663
0.016784
0.028987
0.010352
0.006343
0.000401
0.042352
0.036381
0.000038
0.010925
0.018219
0.026890
0.077998
0.001184
0.015181
0.022938
0.004263
0.003019
0.020805
0.021341
0.001003
0.004562
0.032659
0.000080
0.018229
0.021418
0.012952
0.038811
0.027187
0.024719
0.013527
0.013024
0.009192
0.033081
0.029251
0.013028
0.016470
0.000104
0.029694
0.023148
0.002115
0.006068
0.022465
0.005221
0.053144
0.007702
0.015035
0.006174
0.024782
0.039219
0.020885
0.002900
0.033442
0.022603
0.023912
0.000512
0.022395
0.049696
0.007157
0.014660
0.009645
0.014629
0.019003
0.057896
0.000157
0.011914
0.025016
0.004045
0.014978
0.015102
0.008840
0.006374
0.008228
0.014682
0.001237
0.013617
0.013584
0.011372
0.001926
0.013399
0.003674
0.012550
0.008341
0.015595
0.012078
0.005964
0.009426
0.009238
0.028893
0.012740
0.005593
0.016086
0.002702
0.019149
0.018478
0.000161
0.010642
0.008568
0.003750
0.012757
0.007448
0.014407
0.005908
0.031031
0.010344
0.005936
0.032494
0.013024
0.017266
0.002199
0.005796
0.017129
0.004193
0.033022
0.003383
0.015004
0.031716
0.055154
0.008220
0.017427
0.010904
0.004385
0.006563
0.042779
0.029285
0.007813
0.010414
0.012839
0.002940
0.010377
0.005169
0.018781
0.018555
0.001613
0.036819
0.030569
0.023402
0.025840
0.032266
0.004281
0.035250
0.005346
0.038475
0.125244
0.095460
0.011519
0.012399
0.061716
0.009043
0.006994
0.068801
0.026082
0.001055
0.030686
0.003112
0.021631
0.024340
0.004407
0.024517
0.016514
0.009268
0.049623
0.023335
0.001910
0.044687
0.015994
0.005995
0.012664
0.012469
0.013134
0.020165
0.010480
0.019698
0.001011
0.012396
0.010271
0.003847
0.007520
0.007059
0.046361
0.021315
0.033688
0.001476
0.042963
0.009925
0.003392
0.006892
0.008273
0.008891
0.001164
0.071335
0.007404
0.003128
0.101484
0.017162
0.018523
0.008908
0.018755
0.009404
0.021842
0.020298
0.007283
0.021687
0.004614
0.003134
0.063739
0.010213
0.031833
0.002579
0.010676
0.011028
0.027462
0.018101
0.030432
0.005490
0.006963
0.000183
0.022665
0.073991
0.016752
0.023293
0.059847
0.008634
0.016394
0.003711
0.035314
0.011973
0.004303
0.004005
0.091717
0.012053
0.042229
0.023523
0.005061
0.123707
0.039099
0.036438
0.021339
0.025965
0.009304
0.017696
0.003019
0.009963
0.000098
0.001803
0.008776
0.010006
0.002452
0.000517
0.001277
0.003049
0.006906
0.012928
0.004627
0.034661
0.001717
0.058783
0.056849
0.002079
0.001335
0.012010
0.004458
0.000472
0.005534
0.006808
0.014236
0.011363
0.055246
0.017640
0.002537
0.006418
0.017186
0.091168
0.016000
0.013158
0.038080
0.021717
0.006677
0.019022
0.002594
0.001059
0.003550
0.014559
0.021675
0.005635
0.009716
0.001801
0.048611
0.024310
0.000580
0.020516
0.023027
0.005769
0.003844
0.000934
0.003310
0.014279
0.025196
0.019500
0.012764
0.017270
0.013112
0.017716
0.002971
0.009433
0.000955
0.026565
0.001733
0.024598
0.021318
0.049897
0.010361
0.023671
0.003643
0.018272
0.002882
0.005863
0.007487
0.015558
0.010327
0.012149
0.008217
0.001955
0.035792
0.016435
0.034473
0.030494
0.005580
0.007389
0.000813
0.048554
0.028770
0.009035
0.005229
0.000531
0.083358
0.021381
0.003664
0.059398
0.003152
0.006988
0.012066
0.000947
0.000807
0.031377
0.012554
0.018335
0.008315
0.014822
0.001110
0.011132
0.003283
0.055510
0.005327
0.056746
0.012700
0.009142
0.042551
0.037442
0.050282
0.008428
0.005993
0.009340
0.042243
0.035369
0.034094
0.017912
0.007547
0.011660
0.030257
0.019506
0.021303
0.005701
0.000814
0.013115
0.024974
0.042381
0.026978
0.013698
0.005454
0.037211
0.035475
0.069054
0.034063
0.070086
0.013031
0.026458
0.037224
0.009020
0.014309
0.027676
0.015833
0.001314
0.046859
0.042346
0.002306
0.019503
0.033467
0.003816
0.018553
0.002147
0.000229
0.002079
0.013753
0.003431
0.007827
0.014687
0.003963
0.005908
0.045026
0.000548
0.139528
0.025322
0.010863
0.071998
0.026269
0.046556
0.005651
0.018751
0.011262
0.000545
0.002527
0.012928
0.035517
0.018393
0.005530
0.000653
0.005329
0.003519
0.030971
0.006904
0.016449
0.024916
0.003332
0.008842
0.029253
0.008418
0.001348
0.003618
0.010483
0.082097
0.075772
0.018944
0.000483
0.011252
0.011893
0.027157
0.008695
0.008105
0.027913
0.012716
0.090739
0.083988
0.006823
0.070028
0.062628
0.047180
0.063941
0.003292
0.007706
0.015952
0.009833
0.006765
0.003119
0.004271
0.035055
0.033763
0.035651
0.027807
0.058835
0.067781
0.014608
0.036012
0.022940
0.015307
0.000048
0.000261
0.001163
0.005050
0.038633
0.002245
0.033941
0.112969
0.012134
0.038299
0.053978
0.034448
0.014998
0.025427
0.013288
0.008775
0.021590
0.025577
0.011861
0.005082
0.014765
0.002660
0.044242
0.005216
0.007054
0.022577
0.009001
0.106127
0.015655
0.010129
0.010214
0.027693
0.036433
0.004304
0.014197
0.007758
0.002944
0.014996
0.046827
0.015641
0.002699
0.024589
0.003523
0.011868
0.005892
0.009876
0.000596
0.013807
0.033844
0.007595
0.012530
0.049962
0.004399
0.040799
0.010872
0.001099
0.000738
0.005679
0.004550
0.055204
0.026135
0.074695
0.026983
0.155528
0.026652
0.014701
0.010906
0.027173
0.018640
0.043056
0.012738
0.008141
0.011455
0.016209
0.008511
0.087536
0.021181
0.002722
0.025057
0.004232
0.016844
0.025029
0.008110
0.056129
0.051801
0.016288
0.029557
0.014793
0.002835
0.055143
0.010329
0.000257
0.006386
0.017334
0.000412
0.024077
0.002645
0.006650
0.017522
0.059014
0.050614
0.003093
0.005986
0.005949
0.003651
0.018351
0.003020
0.006466
0.009954
0.035585
0.009650
0.027516
0.000015
0.001954
0.016512
0.017945
0.010715
0.001502
0.015473
0.020853
0.070941
0.033770
0.005508
0.057986
0.051679
0.001539
0.012232
0.003235
0.019907
0.010204
0.001800
0.002192
0.034490
0.000935
0.025184
0.079951
0.006258
0.032750
0.009695
0.110793
0.043123
0.004863
0.001177
0.007220
0.008523
0.007255
0.019494
0.090619
0.059923
0.100392
0.016767
0.016222
0.003318
0.028321
0.004474
0.000536
0.025188
0.063619
0.003348
0.006315
0.005262
0.043506
0.004487
0.003447
0.001927
0.001566
0.017485
0.045008
0.000197
0.041801
0.005471
0.012789
0.021989
0.022637
0.122307
0.119093
0.004866
0.000841
0.004583
0.043754
0.011942
0.010604
0.021927
0.026182
0.015257
0.007831
0.000914
0.004849
0.051360
0.015740
0.081028
0.033002
0.007891
0.000785
0.014300
0.032506
0.002986
0.012533
0.017037
0.004203
0.035376
0.008060
0.001463
0.044675
0.027424
0.010961
0.025975
0.013844
0.009362
0.020801
0.012600
0.045757
0.001669
0.006839
0.001216
0.019187
0.005881
0.037412
0.027217
0.007020
0.001038
0.050552
0.002127
0.005608
0.016516
0.003875
0.037724
0.013707
0.007199
0.001415
0.021436
0.027974
0.014137
0.004380
0.012983
0.002415
0.005268
0.009038
0.001800
0.002422
0.044186
0.007806
0.043106
0.007837
0.058781
0.021197
0.011221
0.018067
0.020491
0.010574
0.017873
0.031534
0.003262
0.037812
0.050584
0.030570
0.010583
0.008320
0.006087
0.011117
0.003968
0.002644
0.001528
0.006456
0.000745
0.018470
0.009550
0.004070
0.000246
0.004127
0.001206
0.017460
0.001252
0.057547
0.002805
0.005555
0.006384
0.010502
0.071830
0.000477
0.008121
0.039048
0.000987
0.023049
0.008954
0.047653
0.026568
0.021732
0.014699
0.007415
0.001560
0.015121
0.016997
0.017335
0.005728
0.000702
0.018120
0.005244
0.043584
0.004702
0.004612
0.007162
0.054252
0.032241
0.019321
0.003199
0.002988
0.012171
0.014404
0.048954
0.025902
0.003106
0.004001
0.028612
0.062484
0.026666
0.038217
0.009590
0.016284
0.040424
0.022695
0.017878
0.034551
0.014164
0.017751
0.044713
0.057236
0.015177
0.026095
0.013899
0.009175
0.018203
0.005373
0.046864
0.005917
0.008598
0.027991
0.007572
0.002255
0.015889
0.009774
0.014230
0.001998
0.000646
0.006668
0.012457
0.004694
0.067555
0.035849
0.008226
0.011846
0.018124
0.013370
0.012708
0.008764
0.032204
0.015812
0.000722
0.002380
0.008805
0.003535
0.020871
0.012236
0.034635
0.026040
0.049211
0.032555
0.017027
0.003503
0.020740
0.012198
0.036422
0.035109
0.016156
0.018810
0.011549
0.000595
0.001289
0.002347
0.002146
0.016939
0.016704
0.004019
0.037704
0.011625
0.073604
0.025350
0.018082
0.000911
0.025016
0.076318
0.006334
0.038298
0.019555
0.001046
0.013698
0.017832
0.000436
0.019013
0.005683
0.045165
0.007263
0.049209
0.009665
0.001334
0.030530
0.004119
0.061330
0.000044
0.008502
0.007785
0.020842
0.017858
0.019990
0.010778
0.017223
0.038993
0.036161
0.005601
0.037790
0.039817
0.012604
0.000276
0.022816
0.001549
0.003259
0.005237
0.000512
0.072987
0.018960
0.016227
0.005275
0.014642
0.010103
0.009725
0.000486
0.014159
0.052559
0.039899
0.033560
0.001429
0.059559
0.001739
0.045737
0.021273
0.036296
0.000737
0.014834
0.013986
0.018805
0.012678
0.005622
0.002902
0.014504
0.051661
0.028936
0.006402
0.020812
0.010259
0.013198
0.005284
0.052224
0.010436
0.002287
0.037294
0.002875
0.001879
0.006647
0.049722
0.029050
0.000582
0.002084
0.008251
0.003838
0.046818
0.034778
0.030638
0.005225
0.004823
0.003664
0.000555
0.016606
0.004339
0.005120
0.003481
0.038787
0.023720
0.011118
0.004973
0.009107
0.004495
0.001000
0.001390
0.037161
0.023890
0.015672
0.048279
0.011541
0.011007
0.014397
0.004802
0.014840
0.005302
0.015866
0.010061
0.002554
0.042074
0.004574
0.004492
0.018252
0.009114
0.023982
0.038318
0.025235
0.017572
0.121539
0.080782
0.005037
0.016186
0.008033
0.042895
0.005726
0.012969
0.018598
0.006386
0.001603
0.044310
0.022326
0.012969
0.011153
0.002708
0.030772
0.018364
0.012879
0.008682
0.026971
0.005278
0.018210
0.013782
0.014574
0.015660
0.014684
0.003496
0.003020
0.008569
0.036972
0.038372
0.012457
0.001515
0.002275
0.082183
0.043591
0.013853
0.000262
0.009690
0.006351
0.001988
0.000534
0.005866
0.008194
0.023263
0.008788
0.002187
0.049328
0.016176
0.002266
0.012989
0.064539
0.022189
0.015123
0.014891
0.001288
0.012465
0.006925
0.012775
0.003893
0.022193
0.012032
0.017517
0.009190
0.038499
0.026159
0.001463
0.002430
0.016696
0.001945
0.006800
0.051291
0.040103
0.039618
0.007826
0.002833
0.028659
0.010651
0.015432
0.011969
0.029486
0.026109
0.071258
0.041059
0.015591
0.007831
0.071152
0.065915
0.037723
0.067428
0.013441
0.006992
0.005995
0.035324
0.018629
0.003038
0.005312
0.002713
0.017056
0.008569
0.033966
0.024239
0.033098
0.011361
0.005977
0.015407
0.044324
0.009792
0.006417
0.001695
0.047839
0.026263
0.004723
0.002489
0.009731
0.007384
0.007187
0.080248
0.064739
0.013472
0.012647
0.007775
0.018774
0.025578
0.000930
0.000089
0.000027
0.063818
0.028853
0.000103
0.076963
0.029949
0.005401
0.035628
0.035998
0.012037
0.003410
0.025949
0.102160
0.098052
0.014212
0.053487
0.026974
0.034601
0.001446
0.040131
0.018298
0.007832
0.005724
0.000338
0.006947
0.022009
0.008392
0.059481
0.013549
0.011580
0.002870
0.023920
0.000795
0.028646
0.007106
0.036417
0.006859
0.002733
0.001292
0.003817
0.013212
0.008800
0.023006
0.038907
0.042651
0.013808
0.001016
0.019482
0.017822
0.015255
0.030607
0.032873
0.024463
0.051649
0.007664
0.000372
0.011690
0.017066
0.010119
0.002699
0.001246
0.003829
0.014127
0.013425
0.007041
0.006374
0.046977
0.048234
0.022011
0.009124
0.027957
0.009936
0.003283
0.006370
0.006247
0.002252
0.002807
0.032024
0.020186
0.016836
0.018718
0.011717
0.002258
0.013593
0.001282
0.027981
0.000910
0.007419
0.014129
0.005087
0.021163
0.003699
0.011047
0.009382
0.008490
0.019697
0.018574
0.049305
0.048401
0.004171
0.040325
0.025421
0.002094
0.001276
0.011178
0.001859
0.014642
0.009452
0.013318
0.012756
0.009374
0.049361
0.000722
0.040463
0.060550
0.031509
0.005030
0.001953
0.012482
0.000353
0.026595
0.008646
0.009767
0.002323
0.001134
0.006938
0.007303
0.003211
0.000977
0.042408
0.024087
0.010370
0.007527
0.003477
0.000898
0.028659
0.005240
0.010460
0.008744
0.009487
0.000636
0.019394
0.015280
0.015078
0.006893
0.040600
0.014986
0.005266
0.001516
0.011222
0.098994
0.051208
0.019795
0.012890
0.002457
0.006140
0.015822
0.000926
0.007461
0.030967
0.043114
0.002692
0.023607
0.018755
0.001829
0.028472
0.034807
0.004244
0.021094
0.020497
0.047136
0.014802
0.000037
0.002391
0.022486
0.002132
0.008843
0.006290
0.007649
0.011227
0.022160
0.002199
0.010966
0.020063
0.061255
0.039744
0.017100
0.023174
0.039894
0.045671
0.023178
0.000988
0.024994
0.007725
0.003638
0.010558
0.042164
0.013116
0.065692
0.004281
0.002319
0.051763
0.016056
0.000327
0.055059
0.042972
0.017967
0.093918
0.068016
0.019836
0.000387
0.005869
0.010314
0.002424
0.051120
0.013669
0.022201
0.013514
0.034962
0.011513
0.003099
0.030171
0.010423
0.008581
0.008795
0.055293
0.021770
0.010947
0.022809
0.007331
0.003460
0.028931
0.004145
0.002535
0.073043
0.025670
0.019718
0.005867
0.008343
0.008290
0.047006
0.006815
0.015673
0.020183
0.037531
0.005863
0.033879
0.017283
0.001852
0.003338
0.002659
0.007535
0.029657
0.029526
0.017975
0.015826
0.039700
0.003253
0.000924
0.037291
0.025311
0.021402
0.010381
0.010735
0.029880
0.004532
0.000552
0.009648
0.001777
0.005450
0.004804
0.001793
0.013887
0.006996
0.003518
0.004989
0.037499
0.007835
0.026443
0.025566
0.020832
0.007625
0.072207
0.039595
0.006169
0.037733
0.026736
0.012976
0.015705
0.003255
0.009707
0.003800
0.012155
0.004395
0.067775
0.063015
0.050984
0.014353
0.037728
0.010129
0.023423
0.014142
0.027345
0.035168
0.003795
0.012661
0.006543
0.008388
0.013696
0.037998
0.015240
0.014084
0.003484
0.000234
0.003091
0.009760
0.001230
0.025695
0.042517
0.021230
0.116002
0.045109
0.011975
0.019455
0.018826
0.111199
0.006776
0.034016
0.006609
0.005590
0.039854
0.064083
0.041263
0.018652
0.028366
0.000282
0.001786
0.009908
0.019176
0.003108
0.003479
0.019468
0.008023
0.006344
0.017091
0.000094
0.020788
0.061447
0.026879
