0.022933
0.008407
0.166114
0.066502
0.000481
0.028782
0.000431
0.017815
0.141083
0.145255
0.011603
0.066466
0.031735
0.045872
0.072178
0.034968
0.012078
0.071308
0.049337
0.129741
0.118825
0.049517
0.037116
0.005927
0.154750
0.064066
0.067633
0.065598
0.086468
0.072257
0.010136
0.007831
0.012318
0.001201
0.003482
0.021918
0.037113
0.149360
0.200239
0.145117
0.013131
0.016804
0.050238
0.013353
0.060435
0.027771
0.016563
0.080423
0.017609
0.022916
0.097288
0.057907
0.072292
0.032679
0.073812
0.048476
0.034140
0.083382
0.026777
0.006268
0.024275
0.050128
0.020544
0.019581
0.016053
0.040427
0.006435
0.066235
0.019124
0.017829
0.139917
0.043156
0.030674
0.038743
0.002929
0.156321
0.022251
0.038005
0.033472
0.007345
0.027901
0.020507
0.009300
0.232267
0.230948
0.127939
0.138618
0.168320
0.054035
0.073692
0.054737
0.015081
0.005948
0.013685
0.003218
0.012358
0.069896
0.039539
0.034963
0.005252
0.003675
0.037516
0.037636
0.027531
0.075760
0.102295
0.011301
0.023673
0.029193
0.014998
0.042733
0.006113
0.036628
0.004180
0.082313
0.038379
0.031255
0.059196
0.196736
0.050722
0.000015
0.015417
0.044483
0.007965
0.043460
0.030556
0.064892
0.016240
0.126318
0.005576
0.156533
0.056701
0.031065
0.055769
0.055701
0.008760
0.008032
0.029349
0.019900
0.182539
0.179661
0.042025
0.026288
0.020533
0.020826
0.000653
0.000594
0.154095
0.048181
0.006607
0.009695
0.143744
0.021902
0.159102
0.054821
0.086656
0.010831
0.009948
0.059827
0.041364
0.005087
0.036240
0.004331
0.059589
0.009509
0.073977
0.003889
0.034525
0.019174
0.003598
0.055714
0.012635
0.017351
0.069216
0.097644
0.052305
0.059598
0.039796
0.033087
0.012066
0.010845
0.025858
0.127905
0.108088
0.175581
0.065954
0.008083
0.015392
0.014138
0.004888
0.020940
0.012086
0.011716
0.019339
0.002278
0.023939
0.106792
0.097801
0.015415
0.077755
0.076003
0.178882
0.004057
0.013303
0.004398
0.004782
0.077913
0.123908
0.024807
0.005371
0.004768
0.049584
0.155881
0.139453
0.090547
0.049056
0.029127
0.005132
0.021099
0.029792
0.030290
0.010124
0.055638
0.224710
0.058146
0.047413
0.008950
0.157603
0.154636
0.088771
0.329490
0.258296
0.173523
0.082128
0.195653
0.044013
0.058845
0.107143
0.003637
0.032394
0.013044
0.004500
0.029881
0.129249
0.086121
0.055515
0.038318
0.009737
0.013985
0.102543
0.001644
0.021666
0.085426
0.082088
0.035436
0.215685
0.119498
0.169099
0.101049
0.078295
0.121548
0.056991
0.003479
0.049989
0.007783
0.028627
0.132296
0.117097
0.108327
0.136511
0.003076
0.024456
0.057549
0.123599
0.005313
0.087909
0.099766
0.093029
0.063862
0.063457
0.031187
0.000017
0.087281
0.039863
0.096794
0.045815
0.024061
0.018529
0.018338
0.164511
0.231058
0.051678
0.079018
0.051816
0.009137
0.109555
0.005946
0.056802
0.003324
0.016129
0.003922
0.177334
0.008018
0.003285
0.040661
0.000222
0.000879
0.003346
0.013168
0.082169
0.049777
0.044361
0.097303
0.026107
0.009673
0.012412
0.011165
0.028724
0.334834
0.003069
0.022965
0.056032
0.065294
0.018483
0.017305
0.182695
0.165591
0.079272
0.005954
0.008011
0.105179
0.137019
0.062050
0.007342
0.056950
0.031013
0.053124
0.072765
0.061964
0.022504
0.075904
0.027532
0.035943
0.015419
0.190813
0.032660
0.007836
0.007448
0.007999
0.051296
0.036553
0.020607
0.022257
0.009625
0.030853
0.064004
0.010393
0.049475
0.004184
0.087862
0.013883
0.000371
0.099111
0.005657
0.106730
0.097967
0.078978
0.013082
0.006093
0.047905
0.054798
0.000926
0.058836
0.002659
0.036988
0.000723
0.024001
0.008604
0.036434
0.018737
0.028542
0.031896
0.123301
0.014116
0.013728
0.012865
0.011179
0.008741
0.008668
0.035814
0.050544
0.012022
0.040754
0.027321
0.035593
0.033015
0.014108
0.060828
0.021594
0.002774
0.067781
0.043760
0.006718
0.000816
0.007760
0.029853
0.025846
0.023558
0.048585
0.021373
0.033958
0.087797
0.037426
0.062992
0.040528
0.108429
0.018948
0.127316
0.088715
0.018897
0.038485
0.075822
0.280076
0.053455
0.030314
0.017010
0.018646
0.111096
0.016097
0.015336
0.052784
0.050293
0.022174
0.013357
0.000944
0.108044
0.019040
0.008665
0.086685
0.106392
0.014630
0.062402
0.008424
0.117301
0.141342
0.130858
0.095237
0.022192
0.110353
0.006053
0.056094
0.001001
0.002562
0.006463
0.016293
0.015469
0.047043
0.135406
0.051830
0.030609
0.006432
0.017673
0.053807
0.016071
0.063200
0.088864
0.030005
0.058644
0.010282
0.014321
0.014151
0.020912
0.089269
0.124720
0.095553
0.088265
0.071960
0.046540
0.001848
0.072584
0.015627
0.063308
0.111651
0.112198
0.019920
0.130200
0.045643
0.014890
0.008577
0.049437
0.021458
0.029178
0.035880
0.004914
0.152819
0.104046
0.056139
0.009382
0.154961
0.010264
0.039257
0.040641
0.029247
0.052438
0.051430
0.132370
0.135156
0.055450
0.132233
0.088206
0.057914
0.011749
0.070414
0.052193
0.043822
0.060166
0.025741
0.006171
0.003904
0.026022
0.071040
0.114738
0.006160
0.019353
0.081711
0.075898
0.177610
0.138595
0.000893
0.055289
0.096568
0.005762
0.158096
0.072681
0.192594
0.186644
0.002439
0.034757
0.043071
0.155854
0.038535
0.048699
0.114513
0.054467
0.029615
0.075340
0.139769
0.081022
0.150752
0.065569
0.087069
0.023367
0.085052
0.075449
0.121939
0.052072
0.038463
0.006871
0.101936
0.003268
0.040079
0.067133
0.031538
0.008746
0.083301
0.054559
0.031875
0.009480
0.078932
0.044793
0.005554
0.070840
0.036905
0.074829
0.015467
0.047264
0.016009
0.007934
0.023929
0.000646
0.053066
0.002904
0.167130
0.035860
0.024667
0.065377
0.027814
0.125259
0.101230
0.145423
0.040335
0.096269
0.004189
0.079128
0.002253
0.006016
0.016681
0.057259
0.038601
0.004774
0.061056
0.026462
0.006381
0.001026
0.002229
0.004103
0.004187
0.074134
0.065051
0.148795
0.162034
0.180900
0.010611
0.024620
0.047350
0.013266
0.037633
0.047945
0.140791
0.004754
0.004326
0.057129
0.020786
0.121381
0.031534
0.004403
0.084994
0.052754
0.040524
0.027353
0.038120
0.115379
0.153840
0.161853
0.208131
0.201568
0.212169
0.267073
0.200539
0.240293
0.242885
0.196198
0.181296
0.073797
0.018782
0.035750
0.107809
0.061570
0.017168
0.023150
0.046847
0.018811
0.026185
0.048928
0.003942
0.090870
0.021002
0.036689
0.001658
0.036340
0.081927
0.010260
0.098842
0.064371
0.061337
0.160718
0.084706
0.037082
0.084597
0.024062
0.036542
0.037218
0.033018
0.025724
0.060541
0.050287
0.033365
0.012002
0.114262
0.029642
0.005335
0.047887
0.019116
0.033418
0.000601
0.003304
0.017936
0.004115
0.057916
0.000892
0.134559
0.054634
0.012850
0.023948
0.021763
0.058922
0.055894
0.050257
0.000388
0.020800
0.179432
0.073776
0.104683
0.019175
0.001025
0.014714
0.021316
0.077580
0.020110
0.038359
0.073776
0.053645
0.114916
0.012484
