2.000000
0.000000
0.097840
0.046718
0.123128
0.001226
0.121701
0.014775
0.019592
0.051440
0.138813
0.000000
0.000000
0.000000
0.000000
0.000000
0.000000
0.000000
0.000000
0.000000
0.054937
0.000000
0.000000
0.000000
0.000000
0.000000
0.000000
0.000000
0.063701
0.029498
0.010611
0.000000
0.000000
0.022268
0.000000
0.000000
0.000000
0.000000
0.000000
0.045654
0.000000
0.000000
0.000000
0.000000
0.000000
0.000000
0.000000
0.000000
0.000000
0.125798
0.025664
0.000000
0.000000
0.000000
0.000000
0.000000
0.000000
0.025943
0.000000
0.000000
0.000000
0.000000
0.000000
0.061023
0.124151
0.000000
0.000000
0.000000
0.000000
0.000000
0.008600
0.000000
0.033528
0.003384
0.000000
0.024192
0.020981
0.000000
0.000000
0.000000
0.000000
0.031412
0.000000
0.000000
0.000000
0.000000
0.000000
0.000000
0.000000
0.000000
0.000000
0.053257
0.273333
0.003994
0.034523
0.000000
0.000000
0.000000
0.000000
0.000000
0.000000
0.000000
0.000000
0.000000
0.069323
0.003343
0.050758
0.013977
0.064423
0.008187
0.024506
0.000000
0.018225
0.007774
0.006101
0.000000
0.019717
0.000000
0.000000
0.000000
0.061613
0.000000
0.000000
0.000000
0.000000
0.000000
0.000000
0.000000
0.000000
0.000000
0.000000
0.098239
0.000000
0.036370
0.063337
0.000000
0.000000
0.198237
0.037884
0.022177
0.000000
0.210122
0.045380
0.062535
0.122426
0.002999
0.006794
0.013619
0.000000
0.000000
0.000000
0.000000
0.000000
0.036750
0.000000
0.000000
0.000000
0.000000
0.000000
0.000000
0.000000
0.020443
0.000000
0.000000
0.000000
0.094601
0.079846
0.000000
0.000000
0.072344
0.000000
0.016318
0.000000
0.003722
0.003288
0.000000
0.000000
0.029043
0.000000
0.000000
0.000000
0.000000
0.030071
0.000000
0.000000
0.000000
0.043325
0.000000
0.043437
0.000000
0.000000
0.000000
0.002139
0.000000
0.168160
0.075432
0.207844
0.113637
0.036983
0.003288
0.056547
0.000000
0.000000
0.000000
0.000000
0.000000
0.003165
0.000000
0.000000
0.000000
0.000000
0.074973
0.014626
0.037852
0.000000
0.051158
0.000000
0.000000
0.000000
0.000000
0.000000
0.008163
0.000000
0.000000
0.000000
0.000000
0.055945
0.000000
0.000000
0.004970
0.000000
0.000000
0.000000
0.000000
0.005328
0.000000
0.000000
0.000000
0.000000
0.000000
0.000000
0.008749
0.013894
0.000000
0.000000
0.010726
0.012526
0.000000
0.000000
0.000000
0.000000
0.000000
0.000000
0.000000
0.000000
0.000000
0.000000
0.000000
0.000000
0.005917
0.000000
0.000000
0.000000
0.000000
0.028629
0.000000
0.014785
0.015519
0.000000
0.024000
0.000000
0.000000
0.000000
0.000000
0.000000
0.000000
0.000000
0.000000
0.000000
0.068035
0.000000
0.000000
0.000000
0.000000
0.094083
0.002381
0.000000
0.000000
0.000000
0.000000
0.000000
0.000000
0.000000
0.000000
0.000000
0.000000
0.000000
0.151267
0.054711
0.027936
0.000000
0.000000
0.000000
0.078352
0.000000
0.000000
0.000000
0.000000
0.017731
0.034441
0.000000
0.019212
0.000000
0.027096
0.000000
0.000000
0.000000
0.035812
0.034838
0.000000
0.134610
0.126864
0.007257
0.000000
0.125136
0.000000
0.043748
0.013016
0.000000
0.000000
0.000000
0.000000
0.000000
0.000000
0.000000
0.000000
0.000000
0.000000
0.000000
0.000000
0.000000
0.071271
0.124588
0.000000
0.000000
0.000000
0.000000
0.047711
0.000000
0.000000
0.000000
0.000000
0.000000
0.000000
0.000388
0.000000
0.000000
0.000000
0.045086
0.000000
0.000000
0.000000
0.000000
0.023196
0.035926
0.066300
0.078991
0.000000
0.000000
0.016204
0.000000
0.000000
0.006999
0.000000
0.000000
0.000000
0.000000
0.000000
0.000000
0.000000
0.130923
0.000000
0.000000
0.000000
0.089282
0.080656
0.000000
0.000000
0.000000
0.000000
0.000000
0.041882
0.006270
0.000000
0.000000
0.106692
0.000000
0.000000
0.000000
0.202828
0.000000
0.000000
0.097841
0.116190
0.000000
0.000000
0.000000
0.060247
0.000000
0.000000
0.000000
0.000000
0.022211
0.010469
0.000000
0.065857
0.000000
0.000000
0.003071
0.031889
0.000000
0.000000
0.000000
0.000000
0.000000
0.000000
0.000000
0.000000
0.000000
0.000000
0.000000
0.006671
0.124282
0.000000
0.000000
0.000000
0.000000
0.019450
0.000000
0.000000
0.020333
0.000000
0.000000
0.005824
0.000000
0.000000
0.000000
0.000000
0.000000
0.000000
0.000000
0.013315
0.000000
0.028066
0.000000
0.079064
0.074687
0.035083
0.002364
0.000000
0.000920
0.000000
0.000000
0.000000
0.000000
0.000000
0.000000
0.000000
0.018722
0.000000
0.068159
0.007090
0.000000
0.000000
0.029844
0.000000
0.000000
0.000000
0.027103
0.000000
0.018910
0.000000
0.000000
0.000000
0.000000
0.000000
0.000000
0.053883
0.000000
0.000000
0.021039
0.041555
0.000000
0.000000
0.034244
0.000000
0.000000
0.018215
0.089549
0.014478
0.000484
0.079257
0.000000
0.147250
0.000000
0.000000
0.000000
0.000000
0.055074
0.003778
0.027936
0.122343
0.049447
0.000000
0.000000
0.000000
0.000000
0.000000
0.000000
0.000000
0.000000
0.000000
0.000000
0.000000
0.000000
0.000000
0.000000
0.000000
0.086401
0.099275
0.074553
0.108137
0.020485
0.000000
0.000000
0.000000
0.000000
0.019435
0.000000
0.000000
0.000000
0.186423
0.004974
0.000000
0.096279
0.003395
0.000000
0.000000
0.000000
0.000000
0.000000
0.000000
0.000000
0.000000
0.000000
0.000000
0.000000
0.000000
0.000000
0.000000
0.000000
0.000000
0.000000
0.000000
0.000000
0.143855
0.000000
0.000000
0.000000
0.026296
0.000000
0.000000
0.000000
0.000000
0.000000
0.000000
0.000000
0.000000
0.000000
0.000000
0.000000
0.042774
0.000000
0.000000
0.000000
0.000000
0.015262
0.000000
0.023605
0.000000
0.000000
0.000000
0.000000
0.000000
0.058069
0.067051
0.000000
0.000000
0.086141
0.021420
0.059818
0.000000
0.000000
0.000000
0.000000
0.000000
0.000000
0.000000
0.000000
0.000000
0.000000
0.000000
0.040618
0.172055
0.000000
0.000000
0.000000
0.000000
0.000000
0.015104
0.000000
0.000000
0.000000
0.000000
0.000000
0.000000
0.000000
0.000000
0.000000
0.000000
0.000000
0.000000
0.000000
0.000000
0.000000
0.000000
0.000000
0.000000
0.000000
0.025310
0.000000
0.000000
0.000000
0.216648
0.042144
0.000000
0.000000
0.000000
0.000000
0.000000
0.000000
0.000000
0.000000
0.000000
0.084037
0.018045
0.000000
0.000000
0.000000
0.000000
0.000000
0.000000
0.000000
0.062045
0.015162
0.009409
0.000000
0.035294
0.000000
0.012435
0.053277
0.000000
0.082349
0.016739
0.000000
0.000000
0.000000
0.000000
0.147004
0.000000
0.000000
0.000000
0.000000
0.000000
0.117579
0.028515
0.000000
0.000000
0.004188
0.000000
0.000000
0.000000
0.000000
0.000000
0.000000
0.000000
0.000000
0.000000
0.000000
0.000000
0.024421
0.000000
0.024025
0.000000
0.000000
0.000000
0.020030
0.000000
0.000000
0.000000
0.000000
0.000000
0.000000
0.000000
0.000000
