0.000000
0.210686
0.045865
0.000000
0.000000
0.000000
0.038802
0.000000
0.000000
0.000000
0.000000
0.000000
0.039711
0.055482
0.004679
0.000000
0.000000
0.000000
0.000000
0.000000
0.000000
0.006091
0.000000
0.000000
0.000000
0.000000
0.000000
0.147577
0.000674
0.040000
0.000000
0.000000
0.000000
0.000272
0.000000
0.000000
0.000000
0.000000
0.000000
0.021117
0.000000
0.000000
0.000000
0.000000
0.000000
0.005219
0.000000
0.000000
0.015122
0.000000
0.000000
0.089732
0.017040
0.012967
0.000000
0.042555
0.000000
0.000000
0.000000
0.010294
0.000000
0.000000
0.000000
0.000000
0.121408
0.000000
0.000000
0.000000
0.000000
0.000000
0.000000
0.136812
0.008677
0.000000
0.080858
0.000000
0.037003
0.000000
0.000000
0.000000
0.000000
0.000000
0.000000
0.000000
0.026789
0.042803
0.063279
0.007025
0.019660
0.000000
0.060171
0.000000
0.015314
0.000000
0.000000
0.000000
0.000000
0.000000
0.000000
0.000000
0.000000
0.000000
0.000000
0.000000
0.000000
0.000000
0.000000
0.000000
0.000000
0.000000
0.000000
0.000000
0.000000
0.000000
0.000000
0.006485
0.000000
0.000000
0.000000
0.000000
0.000000
0.000000
0.000000
0.000000
0.000000
0.008651
0.000000
0.133951
0.002371
0.112934
0.000000
0.000000
0.000000
0.000000
0.101412
0.000000
0.000000
0.000000
0.000000
0.000000
0.109969
0.000000
0.000000
0.000000
0.000000
0.000000
0.000000
0.000000
0.000000
0.000000
0.000000
0.000000
0.003904
0.000000
0.003896
0.000000
0.015393
0.000000
0.000000
0.000000
0.000000
0.000000
0.012600
0.000000
0.000000
0.000000
0.000000
0.000000
0.000000
0.027503
0.000000
0.000000
0.000000
0.000000
0.000000
0.025814
0.000000
0.000000
0.001299
0.000000
0.002859
0.000000
0.000000
0.115728
0.005502
0.036131
0.000000
0.000000
0.000000
0.000000
0.000000
0.000000
0.000000
0.000000
0.000000
0.000000
0.000000
0.100870
0.000000
0.000000
0.021176
0.000000
0.064552
0.046009
0.000000
0.000000
0.000000
0.000000
0.000000
0.000000
0.000000
0.000000
0.000000
0.003791
0.000000
0.022455
0.051399
0.045498
0.081568
0.000000
0.000000
0.057933
0.001383
0.000000
0.000000
0.012752
0.000000
0.000000
0.015628
0.270096
0.040713
0.024126
0.016656
0.014717
0.000000
0.000000
0.000000
0.000000
0.000000
0.000000
0.000000
0.000000
0.000000
0.000000
0.034524
0.000000
0.000000
0.000000
0.000000
0.000000
0.000000
0.000000
0.000000
0.068986
0.006408
0.000000
0.090714
0.007700
0.019501
0.052952
0.000635
0.010958
0.000000
0.000000
0.010374
0.000000
0.000000
0.052662
0.039441
0.026635
0.041888
0.058089
0.000834
0.000000
0.021129
0.000000
0.000000
0.066478
0.050550
0.011046
0.000000
0.000000
0.000000
0.149562
0.015701
0.003573
0.222809
0.000000
0.164083
0.219685
0.015324
0.059365
0.000000
0.035666
0.122099
0.000000
0.000000
0.000000
0.000000
0.000000
0.000000
0.000000
0.000000
0.008028
0.000000
0.000000
0.000000
0.000000
0.000000
0.000000
0.070572
0.016229
0.000000
0.052262
0.000000
0.000000
0.066575
0.000000
0.000000
0.000000
0.000000
0.000000
0.000000
0.000000
0.000000
0.000000
0.011890
0.034941
0.000000
0.000000
0.000000
0.000000
0.000000
0.093648
0.000000
0.000000
0.000000
0.000000
0.000000
0.000000
0.000000
0.000000
0.000000
0.000000
0.000000
0.000000
0.003943
0.000000
0.000000
0.000000
0.000000
0.000000
0.000000
0.006145
0.000000
0.000000
0.000000
0.000000
0.000000
0.000000
0.000000
0.000000
0.000000
0.000000
0.000000
0.019838
0.001503
0.000000
0.000000
0.000000
0.000000
0.029646
0.000000
0.006659
0.000000
0.000000
0.000000
0.000000
0.000000
0.057287
0.000000
0.000000
0.000000
0.000000
0.000000
0.000000
0.000000
0.000000
0.000000
0.000000
0.000000
0.000000
0.000000
0.000000
0.000000
0.015519
0.000885
0.000000
0.003340
0.000000
0.000000
0.171494
0.000000
0.002348
0.000000
0.000000
0.000000
0.000000
0.000000
0.000000
0.000000
0.000000
0.000000
0.000000
0.000000
0.000000
0.000000
0.000000
0.058707
0.095130
0.108881
0.054347
0.000000
0.000659
0.005927
0.040248
0.000000
0.000000
0.039714
0.000000
0.000000
0.038286
0.020895
0.000000
0.020206
0.000000
0.000000
0.138313
0.074028
0.011221
0.000000
0.000000
0.260291
0.040002
0.021807
0.008996
0.082184
0.000000
0.000000
0.000000
0.000000
0.000000
0.000000
0.000000
0.000000
0.043041
0.161329
0.041874
0.071448
0.000000
0.116673
0.000000
0.000000
0.000000
0.000000
0.000000
0.037550
0.000000
0.024730
0.006754
0.000000
0.000000
0.000000
0.000000
0.000721
0.000000
0.092977
0.000000
0.000000
0.000000
0.000000
0.000000
0.000000
0.000000
0.000000
0.000000
0.000000
0.000000
0.000000
0.000000
0.000000
0.000000
0.000000
0.000000
0.000000
0.000000
0.000000
0.000000
0.000000
0.010517
0.000000
0.000000
0.000000
0.000000
0.121530
0.049102
0.039326
0.050854
0.000000
0.000000
0.047238
0.000000
0.000000
0.000000
0.004633
0.000000
0.000000
0.000000
0.000000
0.000000
0.000000
0.000000
0.042080
0.000000
0.000000
0.141346
0.025607
0.000000
0.000000
0.000000
0.000000
0.000000
0.000000
0.000000
0.000000
0.000000
0.000000
0.000000
0.000000
0.000000
0.000000
0.000000
0.000000
0.078214
0.053316
0.085058
0.000181
0.054519
0.000000
0.000000
0.000000
0.000000
0.000000
0.039378
0.000000
0.042310
0.011860
0.000000
0.000000
0.000000
0.000000
0.000000
0.031810
0.009591
0.000000
0.017483
0.000000
0.000000
0.000000
0.011668
0.000000
0.000000
0.045684
0.000000
0.000000
0.000000
0.000000
0.007601
0.000000
0.000000
0.000000
0.082630
0.000000
0.000000
0.000000
0.000000
0.102939
0.055235
0.008754
0.000000
0.012886
0.000000
0.000000
0.000000
0.000000
0.000000
0.000000
0.000000
0.000000
0.000000
0.000000
0.000000
0.000000
0.000000
0.000000
0.000000
0.000000
0.000000
0.123178
0.038012
0.000000
0.000000
0.000000
0.000000
0.000000
0.009495
0.000000
0.000000
0.000000
0.000000
0.000000
0.000000
0.000000
0.000000
0.026325
0.014398
0.000000
0.000000
0.000000
0.031333
0.079375
0.043703
0.020501
0.074248
0.047554
0.063768
0.080702
0.019246
0.061678
0.023658
0.107318
0.118151
0.033410
0.000000
0.013873
0.000000
0.000000
0.000000
0.000000
0.000000
0.000000
0.000000
0.000000
0.000000
0.000000
0.000000
0.000000
0.000000
0.000000
0.000000
0.000000
0.000000
0.000000
0.034585
0.013868
0.000000
0.043247
0.090136
0.080625
0.016937
0.000000
0.000000
0.000000
0.009639
0.000000
0.000000
0.000000
0.000000
0.000000
0.031642
0.065333
0.008442
0.022997
0.084046
0.041585
0.000000
0.000000
0.013272
0.000000
0.000000
0.000000
0.028462
0.012072
0.000000
0.000000
0.000000
0.189417
0.000000
0.000000
0.000000
0.000000
0.000000
0.000000
0.000000
0.000000
0.000000
0.000000
0.000000
0.046412
0.000000
0.000000
0.082237
0.000000
0.007251
