0.000000
0.000000
0.000000
0.000000
0.000000
0.014871
0.000000
0.000000
0.000000
0.000000
0.000000
0.091464
0.000000
0.000000
0.004059
0.000000
0.000000
0.000000
0.000000
0.116426
0.000000
0.000000
0.000000
0.000000
0.000000
0.000000
0.000000
0.012964
0.071308
0.000000
0.000000
0.000000
0.000000
0.000000
0.000000
0.000000
0.000000
0.001837
0.000000
0.000000
0.000000
0.000000
0.039506
0.018317
0.129161
0.077142
0.025302
0.018317
0.000000
0.000000
0.000000
0.000000
0.000000
0.000000
0.000000
0.000000
0.041232
0.000000
0.008180
0.000000
0.000000
0.000000
0.000000
0.015044
0.000000
0.000000
0.000000
0.000000
0.000000
0.000000
0.000000
0.000000
0.000000
0.005732
0.000000
0.012244
0.000000
0.000000
0.000000
0.000000
0.002914
0.038413
0.000000
0.000000
0.000000
0.000000
0.000000
0.000000
0.000000
0.000000
0.027777
0.104566
0.027475
0.052249
0.000000
0.000000
0.000000
0.000000
0.013946
0.000000
0.000000
0.000000
0.000000
0.000000
0.000000
0.000000
0.000000
0.000000
0.000000
0.000000
0.000000
0.000000
0.000000
0.000000
0.000000
0.010004
0.017433
0.007204
0.000000
0.000000
0.000000
0.012725
0.058732
0.000000
0.000000
0.000000
0.000000
0.000000
0.000000
0.000000
0.000000
0.000000
0.000000
0.000000
0.004511
0.023124
0.029455
0.000000
0.000000
0.000000
0.000000
0.000000
0.201418
0.009396
0.000000
0.000000
0.088277
0.000000
0.000000
0.000000
0.000000
0.000000
0.000000
0.000000
0.031272
0.114606
0.000000
0.000000
0.000000
0.000000
0.000000
0.153509
0.009359
0.029161
0.006117
0.000000
0.000000
0.000000
0.000000
0.000000
0.000000
0.010770
0.000000
0.000000
0.000000
0.000000
0.000000
0.000000
0.000000
0.000000
0.000000
0.000000
0.052800
0.048723
0.100580
0.000000
0.000000
0.000000
0.000000
0.000000
0.000000
0.007685
0.000789
0.000000
0.000000
0.003704
0.000000
0.000000
0.000000
0.000000
0.000000
0.000000
0.000000
0.000000
0.058588
0.000000
0.000000
0.037508
0.000000
0.005661
0.000000
0.000000
0.000000
0.047365
0.078766
0.000000
0.000000
0.000000
0.000000
0.000000
0.000000
0.000000
0.000000
0.098152
0.016172
0.127495
0.000000
0.000000
0.000000
0.000000
0.111335
0.025306
0.021847
0.039860
0.000000
0.000000
0.000000
0.000000
0.000000
0.000000
0.044199
0.000000
0.000000
0.000000
0.000000
0.000000
0.000000
0.220677
0.009973
0.010782
0.038434
0.031983
0.000000
0.000000
0.000000
0.000000
0.000000
0.344480
0.015056
0.042106
0.003907
0.019887
0.000000
0.000000
0.000000
0.000000
0.000000
0.000000
0.000000
0.000000
0.000000
0.000000
0.087609
0.084342
0.029886
0.022750
0.000000
0.000000
0.000000
0.062248
0.000000
0.022917
0.000000
0.000000
0.000000
0.000000
0.000000
0.000000
0.034946
0.000000
0.000000
0.000000
0.000000
0.000000
0.000000
0.058281
0.029532
0.000000
0.000000
0.127637
0.051876
0.000000
0.000000
0.000000
0.000000
0.000000
0.000000
0.000000
0.034127
0.000000
0.000000
0.078514
0.000000
0.000000
0.008364
0.013182
0.000212
0.000000
0.045728
0.000000
0.000000
0.026651
0.000000
0.000000
0.000000
0.000000
0.000000
0.000000
0.000000
0.000000
0.000000
0.000000
0.000000
0.000000
0.000000
0.000000
0.000000
0.000000
0.015197
0.000000
0.000000
0.000000
0.081919
0.005206
0.020922
0.000000
0.000000
0.115231
0.023018
0.005930
0.021578
0.000000
0.027657
0.000000
0.000000
0.000000
0.000000
0.000000
0.000000
0.112580
0.016724
0.000000
0.000000
0.000000
0.000000
0.000000
0.000000
0.070150
0.060574
0.000000
0.000000
0.000000
0.000000
0.000000
0.000000
0.000000
0.000000
0.000000
0.000000
0.000301
0.000000
0.000000
0.000000
0.032547
0.056946
0.074147
0.000000
0.000000
0.000000
0.000000
0.000000
0.156785
0.004112
0.000000
0.032581
0.004653
0.000000
0.000000
0.014326
0.000000
0.000000
0.000000
0.000000
0.000000
0.000000
0.001133
0.000000
0.000000
0.000000
0.204609
0.019744
0.005699
0.061943
0.017273
0.022321
0.037916
0.000000
0.000000
0.000000
0.016038
0.000000
0.000000
0.000000
0.000000
0.074583
0.075975
0.062252
0.013840
0.002154
0.003995
0.000000
0.000000
0.000000
0.006576
0.000000
0.000000
0.000000
0.000000
0.000000
0.044799
0.000000
0.041809
0.000000
0.000000
0.000000
0.000000
0.016600
0.000000
0.000000
0.000000
0.000000
0.000000
0.000000
0.000000
0.000000
0.000000
0.000000
0.000000
0.000000
0.000000
0.000000
0.000000
0.099941
0.094689
0.000000
0.014595
0.000000
0.000000
0.000000
0.000000
0.000000
0.000000
0.000000
0.000000
0.368882
0.001699
0.011536
0.137161
0.000000
0.007299
0.000000
0.000000
0.000000
0.000000
0.000000
0.000000
0.010808
0.000000
0.000000
0.044062
0.000000
0.000000
0.127074
0.000000
0.000000
0.000000
0.000000
0.000000
0.000000
0.044498
0.088847
0.057149
0.046976
0.000000
0.000000
0.000000
0.054241
0.000000
0.000000
0.000000
0.000000
0.000000
0.000000
0.011457
0.000000
0.000000
0.014853
0.000000
0.000000
0.000000
0.025907
0.008342
0.016610
0.000000
0.000000
0.000000
0.000000
0.000000
0.195513
0.115118
0.043396
0.024006
0.003419
0.167643
0.000000
0.000000
0.000000
0.000000
0.000000
0.000000
0.000000
0.000000
0.000000
0.000000
0.027747
0.000000
0.000000
0.000000
0.000000
0.000000
0.000000
0.000000
0.000000
0.000000
0.000000
0.000000
0.031048
0.000000
0.067368
0.000000
0.000000
0.093726
0.025904
0.000000
0.000000
0.000000
0.110108
0.073909
0.000000
0.000000
0.000000
0.000000
0.000000
0.000000
0.000000
0.032586
0.000000
0.000000
0.014343
0.000000
0.000000
0.000000
0.000000
0.023513
0.000000
0.000000
0.000000
0.000000
0.000000
0.000000
0.000000
0.000000
0.000000
0.000000
0.000000
0.000000
0.000000
0.000000
0.000000
0.000000
0.057034
0.000000
0.058365
0.122765
0.016831
0.000000
0.000000
0.000000
0.010666
0.000000
0.000000
0.000000
0.000000
0.245144
0.022615
0.014372
0.012709
0.005172
0.042151
0.038084
0.000000
0.000000
0.000000
0.015670
0.000000
0.000000
0.000000
0.000000
0.000000
0.000000
0.000000
0.017944
0.000000
0.000000
0.029206
0.000000
0.000000
0.000000
0.000000
0.000000
0.012976
0.000000
0.000000
0.000000
0.013418
0.000000
0.000000
0.000000
0.000000
0.000000
0.000000
0.000000
0.000000
0.000000
0.000000
0.000000
0.263703
0.014867
0.044506
0.012515
0.001216
0.008201
0.058803
0.000000
0.000000
0.000000
0.000887
0.000000
0.057339
0.089570
0.000000
0.052784
0.010229
0.000000
0.000000
0.000000
0.000000
0.000000
0.000000
0.000000
0.000000
0.000000
0.000000
0.000000
0.000000
0.000000
0.000000
0.000000
0.093018
0.007186
0.000000
0.000000
0.000000
0.000000
0.000000
0.000000
0.000000
0.000000
0.000000
0.000000
0.007978
0.000000
0.000000
0.019318
0.000000
0.000000
0.000000
0.033650
0.000000
0.080793
0.000000
0.000000
