0.104375
0.027585
0.053964
0.007813
0.130548
0.044966
0.011458
0.122282
0.050645
0.045947
0.103906
0.020531
0.008915
0.027637
0.007644
0.051947
0.009631
0.013438
0.090783
0.088690
0.105980
0.008509
0.000991
0.061792
0.004157
0.004932
0.093418
0.066321
0.019938
0.034965
0.009950
0.040500
0.061348
0.014026
0.005616
0.028640
0.053955
0.048771
0.016119
0.019936
0.033931
0.286115
0.283487
0.173657
0.104035
0.209265
0.266514
0.185612
0.015482
0.090717
0.049146
0.012501
0.059419
0.009965
0.087620
0.020291
0.020155
0.022909
0.015223
0.045495
0.012826
0.197294
0.094074
0.018075
0.133137
0.013920
0.004486
0.019866
0.010843
0.012345
0.040830
0.023854
0.014640
0.005322
0.022732
0.000285
0.000768
0.007348
0.057420
0.100892
0.028572
0.014739
0.061471
0.027203
0.008116
0.006533
0.024418
0.012159
0.085158
0.166977
0.140308
0.114802
0.157298
0.098812
0.004437
0.056167
0.016743
0.050266
0.021950
0.070068
0.020166
0.011643
0.015007
0.057950
0.076525
0.037290
0.005363
0.105791
0.022426
0.014607
0.015544
0.019520
0.038230
0.017684
0.188765
0.137788
0.054958
0.037098
0.008471
0.064990
0.163382
0.132230
0.013365
0.006626
0.037229
0.001694
0.032155
0.039503
0.000404
0.007116
0.064279
0.007962
0.023237
0.117833
0.114361
0.106324
0.081585
0.020668
0.001260
0.005386
0.024615
0.026683
0.003269
0.098175
0.010422
0.044222
0.016713
0.058554
0.056915
0.101301
0.004831
0.067218
0.046687
0.220632
0.066019
0.062073
0.011719
0.008900
0.005152
0.006394
0.091312
0.010542
0.074636
0.078124
0.001207
0.062541
0.014122
0.002709
0.005375
0.007364
0.117377
0.079828
0.001169
0.025096
0.008710
0.026166
0.000297
0.022982
0.008574
0.049593
0.022038
0.032380
0.029812
0.077673
0.120004
0.045060
0.072937
0.015026
0.052513
0.041603
0.038575
0.034409
0.023761
0.083493
0.065372
0.017519
0.099396
0.038337
0.029499
0.096437
0.006228
0.000534
0.000491
0.164855
0.013317
0.032120
0.050017
0.001811
0.032320
0.027769
0.022129
0.010067
0.104204
0.032065
0.046097
0.014280
0.021778
0.107137
0.006283
0.072315
0.037171
0.015466
0.104243
0.052969
0.098698
0.070042
0.002272
0.174186
0.026901
0.074104
0.047071
0.130300
0.009615
0.013060
0.005856
0.063366
0.018973
0.028008
0.065719
0.037558
0.012807
0.072957
0.019546
0.001694
0.016970
0.027845
0.178481
0.124684
0.314658
0.199980
0.037844
0.052262
0.000391
0.078997
0.059196
0.000880
0.098064
0.012676
0.245215
0.194339
0.100339
0.016847
0.017298
0.080809
0.009672
0.092634
0.032333
0.015639
0.019702
0.038472
0.017071
0.117678
0.103548
0.131957
0.205587
0.044115
0.007769
0.042601
0.007863
0.004571
0.164417
0.081572
0.039027
0.142419
0.074754
0.009683
0.003869
0.099085
0.064140
0.014906
0.001051
0.081659
0.051222
0.046291
0.096115
0.061012
0.105692
0.032867
0.104514
0.041979
0.145321
0.042763
0.050797
0.053089
0.010140
0.012032
0.049885
0.099274
0.005535
0.011399
0.073729
0.002934
0.083554
0.068052
0.052653
0.059537
0.022816
0.140302
0.021722
0.007532
0.029466
0.021389
0.031868
0.005791
0.026755
0.034865
0.016630
0.009864
0.037511
0.040487
0.043431
0.033435
0.060455
0.085891
0.047011
0.015863
0.007892
0.028050
0.016097
0.061600
0.110762
0.176329
0.130635
0.014702
0.018018
0.008815
0.111501
0.037921
0.131218
0.029255
0.025632
0.005078
0.002624
0.056966
0.014791
0.026962
0.010914
0.027699
0.077358
0.067060
0.165925
0.052889
0.022167
0.015988
0.027154
0.002629
0.038377
0.024814
0.079471
0.027773
0.013522
0.044092
0.024169
0.001317
0.061257
0.000187
0.054810
0.162955
0.074961
0.001504
0.002339
0.012438
0.120448
0.095078
0.105262
0.052387
0.036662
0.008755
0.016909
0.016145
0.003810
0.003722
0.009398
0.100080
0.088535
0.072401
0.012680
0.039283
0.019914
0.045455
0.020817
0.055313
0.150148
0.056867
0.036983
0.018961
0.028096
0.023715
0.025297
0.006200
0.177821
0.179427
0.184706
0.231463
0.133264
0.115179
0.148326
0.118865
0.118507
0.048146
0.033438
0.030464
0.021433
0.211423
0.187773
0.210714
0.199305
0.252971
0.101571
0.038988
0.004242
0.079695
0.002521
0.000684
0.017610
0.055728
0.022310
0.005949
0.028419
0.025112
0.052320
0.003953
0.041119
0.015327
0.038661
0.096480
0.033342
0.000099
0.031667
0.079806
0.041194
0.010644
0.005215
0.101465
0.019279
0.005410
0.066541
0.033816
0.019834
0.038941
0.017785
0.130451
0.010981
0.093639
0.019022
0.014283
0.055580
0.068799
0.029504
0.147470
0.056090
0.036406
0.001748
0.040084
0.018814
0.281660
0.055004
0.020980
0.071237
0.038587
0.195886
0.053682
0.006871
0.093619
0.127493
0.123408
0.010668
0.132244
0.086987
0.002717
0.004962
0.017495
0.004987
0.102134
0.133439
0.069535
0.006998
0.001204
0.170919
0.124247
0.128823
0.203796
0.123288
0.037217
0.054982
0.016254
0.007802
0.032173
0.109814
0.003199
0.023328
0.056846
0.063575
0.008289
0.069804
0.055658
0.048220
0.034524
0.056810
0.044075
0.037524
0.017028
0.005725
0.018767
0.020304
0.010285
0.005930
0.304992
0.173767
0.290289
0.330967
0.133563
0.087502
0.057551
0.010859
0.033293
0.008721
0.043946
0.003529
0.007889
0.015223
0.015135
0.011458
0.105257
0.020980
0.052753
0.004056
0.045947
0.117752
0.001067
0.197406
0.059242
0.020687
0.076897
0.054170
0.116532
0.037949
0.052568
0.042981
0.044043
0.095794
0.048960
0.036689
0.082223
0.011299
0.151444
0.045598
0.123664
0.049276
0.083832
0.013539
0.005620
0.034947
0.003123
0.090796
0.056247
0.020572
0.062621
0.035826
0.003552
0.009137
0.024305
0.082164
0.076532
0.236074
0.042210
0.034727
0.103294
0.066124
0.038992
0.052119
0.000535
0.013548
0.019906
0.089860
0.002549
0.078060
0.017359
0.052330
0.014609
0.004968
0.080991
0.019343
0.054000
0.174612
0.033420
0.021726
0.064974
0.001707
0.046662
0.121153
0.000382
0.092739
0.088413
0.287976
0.272337
0.273357
0.126481
0.130980
0.064514
0.003757
0.050558
0.009065
0.007621
0.006503
0.018578
0.072284
0.078838
0.106197
0.007682
0.133357
0.116310
0.028482
0.111194
0.092983
0.049458
0.077333
0.003589
0.020186
0.023077
0.015598
0.002264
0.011683
0.095450
0.049461
0.068573
0.022258
0.028926
0.025722
0.030767
0.007413
0.058695
0.117649
0.011909
0.006813
0.097209
0.030188
0.280054
0.180027
0.171716
0.157803
0.063729
0.014143
0.077450
0.034823
0.127602
0.041885
0.082189
0.058964
0.087786
0.097802
0.055991
0.030334
0.013832
0.076843
0.038248
0.007737
0.002480
0.000000
0.041575
0.024513
0.013970
0.184083
0.053217
0.008534
0.002358
0.099806
0.073543
0.054646
0.101072
0.011390
0.000883
0.015847
0.031956
0.024615
0.004303
0.273906
0.013244
0.028444
0.035533
0.029891
0.018325
0.036045
0.026841
0.017810
0.122539
0.077003
0.059115
0.101357
0.044316
0.248587
0.068700
