0.000000
0.025034
0.024331
0.117104
0.138351
0.116534
0.078490
0.194883
0.150503
0.051014
0.024292
0.092674
0.048417
0.007076
0.011731
0.003477
0.036791
0.036778
0.028688
0.134912
0.067364
0.046593
0.050626
0.022669
0.030521
0.030863
0.052710
0.072199
0.042883
0.091614
0.110129
0.007337
0.005155
0.003009
0.016065
0.026727
0.000566
0.020849
0.144638
0.031707
0.004776
0.008607
0.006905
0.021590
0.143345
0.034939
0.037615
0.052070
0.006606
0.002722
0.031855
0.007304
0.011294
0.229993
0.006393
0.083190
0.076472
0.047021
0.023801
0.049611
0.022847
0.038550
0.128627
0.111780
0.114096
0.008415
0.057094
0.058660
0.000844
0.108043
0.020579
0.210372
0.057671
0.056580
0.269395
0.086607
0.006531
0.046304
0.038718
0.080220
0.143144
0.070312
0.018755
0.056729
0.014756
0.027881
0.015360
0.067375
0.003105
0.060238
0.053878
0.052067
0.049976
0.171351
0.167512
0.017904
0.019138
0.011113
0.020286
0.011620
0.013904
0.044605
0.022029
0.087486
0.015452
0.071394
0.014192
0.041116
0.045116
0.082573
0.012866
0.168216
0.165906
0.180470
0.187157
0.024985
0.024627
0.026867
0.041201
0.049274
0.041214
0.047025
0.016571
0.011564
0.060206
0.020922
0.069548
0.028071
0.084958
0.001861
0.100043
0.076494
0.023569
0.007650
0.020599
0.053651
0.033071
0.029205
0.093584
0.112760
0.022959
0.013679
0.161878
0.129045
0.090614
0.139894
0.135709
0.132902
0.016923
0.042999
0.104682
0.003580
0.037088
0.026401
0.026331
0.073920
0.147224
0.066637
0.110887
0.063763
0.018089
0.017027
0.016527
0.055199
0.032461
0.010777
0.040744
0.007646
0.055965
0.043377
0.037411
0.034810
0.132711
0.051326
0.050055
0.066631
0.093030
0.031509
0.002234
0.017615
0.024582
0.053631
0.013493
0.078228
0.056534
0.145666
0.036624
0.169247
0.063351
0.077568
0.035015
0.132246
0.097599
0.110539
0.088720
0.253814
0.328402
0.201025
0.287242
0.303961
0.242569
0.033754
0.094813
0.057175
0.028896
0.034854
0.029112
0.094975
0.039939
0.052140
0.135978
0.042120
0.077212
0.006259
0.116746
0.044687
0.062699
0.037002
0.061159
0.037550
0.084988
0.052047
0.039745
0.136302
0.055701
0.048362
0.032897
0.030933
0.061512
0.054116
0.011014
0.020373
0.012979
0.022297
0.001649
0.022983
0.017930
0.033816
0.013526
0.325199
0.097541
0.094743
0.079921
0.000548
0.106801
0.070021
0.036930
0.044812
0.040707
0.000745
0.003946
0.019447
0.014410
0.046109
0.022357
0.067764
0.011651
0.041965
0.038529
0.029014
0.089901
0.000087
0.034770
0.235551
0.053778
0.059630
0.017398
0.024804
0.017629
0.003355
0.047488
0.014253
0.174866
0.044096
0.077698
0.030571
0.052090
0.072696
0.074238
0.048294
0.034669
0.018484
0.021785
0.020603
0.016778
0.059808
0.052496
0.032858
0.002031
0.117010
0.003301
0.014391
0.129950
0.018043
0.033344
0.010771
0.076305
0.050299
0.096537
0.034128
0.043563
0.050653
0.044244
0.040933
0.031079
0.053272
0.072696
0.060079
0.036819
0.054286
0.017828
0.016350
0.012100
0.006928
0.042866
0.058375
0.151675
0.016774
0.010188
0.026219
0.008502
0.051849
0.016444
0.036943
0.031435
0.082442
0.049344
0.015661
0.006795
0.060140
0.002791
0.001468
0.057751
0.094647
0.134184
0.145747
0.017093
0.012758
0.068369
0.029396
0.160988
0.124180
0.141953
0.054993
0.068790
0.032741
0.008510
0.004772
0.016476
0.008150
0.023565
0.115727
0.001260
0.001969
0.000041
0.060003
0.006583
0.029957
0.012864
0.035495
0.060647
0.051266
0.037101
0.036693
0.023335
0.030276
0.062409
0.008349
0.074986
0.032069
0.055367
0.037340
0.012418
0.002497
0.006199
0.015142
0.036518
0.070945
0.107583
0.032704
0.030835
0.013840
0.005659
0.031359
0.015064
0.012990
0.018815
0.056204
0.012927
0.017228
0.059936
0.038325
0.059573
0.046025
0.039865
0.035647
0.021125
0.007135
0.059634
0.027844
0.049284
0.124249
0.021018
0.090128
0.057657
0.218075
0.072248
0.005319
0.019545
0.050907
0.126524
0.074291
0.039366
0.051302
0.117895
0.031156
0.013998
0.104459
0.088142
0.000945
0.017341
0.036135
0.029865
0.003479
0.022001
0.037849
0.200063
0.005937
0.090517
0.000541
0.038498
0.022987
0.005973
0.023600
0.000349
0.053279
0.102107
0.058807
0.005343
0.061502
0.024341
0.050434
0.081637
0.081330
0.027088
0.036705
0.021993
0.030318
0.037240
0.003040
0.049371
0.045133
0.070451
0.049984
0.074961
0.067055
0.119344
0.087110
0.004857
0.067158
0.053930
0.030682
0.044284
0.025358
0.005195
0.000603
0.010147
0.257817
0.218073
0.130088
0.121383
0.113905
0.005040
0.024340
0.018922
0.012949
0.019554
0.109721
0.054089
0.036024
0.004442
0.015601
0.074385
0.013220
0.027843
0.031839
0.204034
0.052906
0.005811
0.063974
0.049753
0.027137
0.017505
0.058944
0.056755
0.068081
0.440941
0.231524
0.131102
0.060561
0.053611
0.023427
0.057577
0.053734
0.037722
0.052744
0.007720
0.244970
0.135700
0.103415
0.085938
0.105868
0.190214
0.039623
0.049895
0.099257
0.034032
0.011064
0.068845
0.060085
0.031473
0.035552
0.094574
0.036188
0.029718
0.002715
0.016724
0.013079
0.008818
0.056248
0.151499
0.174376
0.201518
0.002670
0.016890
0.014512
0.134077
0.036412
0.039758
0.024911
0.027056
0.013693
0.047524
0.076717
0.071397
0.159933
0.061212
0.051816
0.036418
0.017593
0.006621
0.003873
0.020104
0.018959
0.122564
0.051454
0.049935
0.000293
0.021565
0.002534
0.007738
0.026855
0.011345
0.032504
0.002090
0.001834
0.017392
0.015693
0.179202
0.093626
0.060837
0.039036
0.124624
0.049240
0.034986
0.024004
0.070958
0.006228
0.105994
0.012786
0.028483
0.021851
0.038929
0.003705
0.041047
0.063142
0.044184
0.006617
0.002134
0.007670
0.031411
0.036580
0.123270
0.085841
0.056278
0.030983
0.014251
0.092335
0.090544
0.087025
0.023252
0.002578
0.001118
0.057037
0.107522
0.009780
0.006040
0.004382
0.032629
0.006427
0.026381
0.023448
0.017207
0.049072
0.081008
0.005328
0.024489
0.026702
0.298399
0.075570
0.044261
0.009786
0.075733
0.004219
0.031225
0.003017
0.009379
0.034586
0.030475
0.014032
0.022380
0.164482
0.037629
0.035517
0.017229
0.009445
0.026339
0.119177
0.071607
0.042753
0.038020
0.048393
0.131531
0.051033
0.142120
0.038323
0.004512
0.060140
0.027344
0.013109
0.044894
0.032668
0.039385
0.153192
0.120947
0.025775
0.034047
0.013496
0.183663
0.063397
0.038834
0.074171
0.075296
0.062504
0.101058
0.094182
0.056198
0.009351
0.164639
0.085472
0.014556
0.150878
0.112187
0.033482
0.029055
0.004371
0.038376
0.030959
0.007035
0.037568
0.051839
0.006275
0.114645
0.020224
0.001776
0.097034
0.031262
0.104924
0.091819
0.044076
0.078509
0.032633
0.068941
0.009596
0.018895
0.019028
0.003455
0.040142
0.062030
0.017638
0.005912
0.051528
0.038511
0.034694
0.042026
0.119182
0.081507
0.083138
0.111114
0.002900
0.018798
0.023347
0.027073
0.008178
0.007681
