0.00000
50.00000
75.00000
25.00000
37.50000
87.50000
62.50000
12.50000
18.75000
68.75000
93.75000
43.75000
31.25000
81.25000
56.25000
6.25000
9.37500
59.37500
84.37500
34.37500
46.87500
96.87500
71.87500
21.87500
15.62500
65.62500
90.62500
40.62500
28.12500
78.12500
53.12500
3.12500
4.68750
54.68750
79.68750
29.68750
42.18750
92.18750
67.18750
17.18750
23.43750
73.43750
98.43750
48.43750
35.93750
85.93750
60.93750
10.93750
7.81250
57.81250
82.81250
32.81250
45.31250
95.31250
70.31250
20.31250
14.06250
64.06250
89.06250
39.06250
26.56250
76.56250
51.56250
1.56250
2.34375
52.34375
77.34375
27.34375
39.84375
89.84375
64.84375
14.84375
21.09375
71.09375
96.09375
46.09375
33.59375
83.59375
58.59375
8.59375
11.71875
61.71875
86.71875
36.71875
49.21875
99.21875
74.21875
24.21875
17.96875
67.96875
92.96875
42.96875
30.46875
80.46875
55.46875
5.46875
3.90625
53.90625
78.90625
28.90625
41.40625
91.40625
66.40625
16.40625
22.65625
72.65625
97.65625
47.65625
35.15625
85.15625
60.15625
10.15625
7.03125
57.03125
82.03125
32.03125
44.53125
94.53125
69.53125
19.53125
13.28125
63.28125
88.28125
38.28125
25.78125
75.78125
50.78125
0.78125
1.17188
51.17188
76.17188
26.17188
38.67188
88.67188
63.67188
13.67188
19.92188
69.92188
94.92188
44.92188
32.42188
82.42188
57.42188
7.42188
10.54688
60.54688
85.54688
35.54688
48.04688
98.04688
73.04688
23.04688
16.79688
66.79688
91.79688
41.79688
29.29688
79.29688
54.29688
4.29688
5.85938
55.85938
80.85938
30.85938
43.35938
93.35938
68.35938
18.35938
24.60938
74.60938
99.60938
49.60938
37.10938
87.10938
62.10938
12.10938
8.98438
58.98438
83.98438
33.98438
46.48438
96.48438
71.48438
21.48438
15.23438
65.23438
90.23438
40.23438
27.73438
77.73438
52.73438
2.73438
1.95313
51.95313
76.95313
26.95313
39.45313
89.45313
64.45313
14.45313
20.70313
70.70313
95.70313
45.70313
33.20313
83.20313
58.20313
8.20313
11.32813
61.32813
86.32813
36.32813
48.82813
98.82813
73.82813
23.82813
17.57813
67.57813
92.57813
42.57813
30.07813
80.07813
55.07813
5.07813
3.51563
53.51563
78.51563
28.51563
41.01563
91.01563
66.01563
16.01563
22.26563
72.26563
97.26563
47.26563
34.76563
84.76563
59.76563
9.76563
6.64063
56.64063
81.64063
31.64063
44.14063
94.14063
69.14063
19.14063
12.89063
62.89063
87.89063
37.89063
25.39063
75.39063
50.39063
0.39063
0.58594
50.58594
75.58594
25.58594
38.08594
88.08594
63.08594
13.08594
19.33594
69.33594
94.33594
44.33594
31.83594
81.83594
56.83594
6.83594
9.96094
59.96094
84.96094
34.96094
47.46094
97.46094
72.46094
22.46094
16.21094
66.21094
91.21094
41.21094
28.71094
78.71094
53.71094
3.71094
5.27344
55.27344
80.27344
30.27344
42.77344
92.77344
67.77344
17.77344
24.02344
74.02344
99.02344
49.02344
36.52344
86.52344
61.52344
11.52344
8.39844
58.39844
83.39844
33.39844
45.89844
95.89844
70.89844
20.89844
14.64844
64.64844
89.64844
39.64844
27.14844
77.14844
52.14844
2.14844
2.92969
52.92969
77.92969
27.92969
40.42969
90.42969
65.42969
15.42969
21.67969
71.67969
96.67969
46.67969
34.17969
84.17969
59.17969
9.17969
12.30469
62.30469
87.30469
37.30469
49.80469
99.80469
74.80469
24.80469
18.55469
68.55469
93.55469
43.55469
31.05469
81.05469
56.05469
6.05469
4.49219
54.49219
79.49219
29.49219
41.99219
91.99219
66.99219
16.99219
23.24219
73.24219
98.24219
48.24219
35.74219
85.74219
60.74219
10.74219
7.61719
57.61719
82.61719
32.61719
45.11719
95.11719
70.11719
20.11719
13.86719
63.86719
88.86719
38.86719
26.36719
76.36719
51.36719
1.36719
0.97656
50.97656
75.97656
25.97656
38.47656
88.47656
63.47656
13.47656
19.72656
69.72656
94.72656
44.72656
32.22656
82.22656
57.22656
7.22656
10.35156
60.35156
85.35156
35.35156
47.85156
97.85156
72.85156
22.85156
16.60156
66.60156
91.60156
41.60156
29.10156
79.10156
54.10156
4.10156
5.66406
55.66406
80.66406
30.66406
43.16406
93.16406
68.16406
18.16406
24.41406
74.41406
99.41406
49.41406
36.91406
86.91406
61.91406
11.91406
8.78906
58.78906
83.78906
33.78906
46.28906
96.28906
71.28906
21.28906
15.03906
65.03906
90.03906
40.03906
27.53906
77.53906
52.53906
2.53906
1.75781
51.75781
76.75781
26.75781
39.25781
89.25781
64.25781
14.25781
20.50781
70.50781
95.50781
45.50781
33.00781
83.00781
58.00781
8.00781
11.13281
61.13281
86.13281
36.13281
48.63281
98.63281
73.63281
23.63281
17.38281
67.38281
92.38281
42.38281
29.88281
79.88281
54.88281
4.88281
3.32031
53.32031
78.32031
28.32031
40.82031
90.82031
65.82031
15.82031
22.07031
72.07031
97.07031
47.07031
34.57031
84.57031
59.57031
9.57031
6.44531
56.44531
81.44531
31.44531
43.94531
93.94531
68.94531
18.94531
12.69531
62.69531
87.69531
37.69531
25.19531
75.19531
50.19531
0.19531
0.29297
50.29297
75.29297
25.29297
37.79297
87.79297
62.79297
12.79297
19.04297
69.04297
94.04297
44.04297
31.54297
81.54297
56.54297
6.54297
9.66797
59.66797
84.66797
34.66797
47.16797
97.16797
72.16797
22.16797
15.91797
65.91797
90.91797
40.91797
28.41797
78.41797
53.41797
3.41797
4.98047
54.98047
79.98047
29.98047
42.48047
92.48047
67.48047
17.48047
23.73047
73.73047
98.73047
48.73047
36.23047
86.23047
61.23047
11.23047
8.10547
58.10547
83.10547
33.10547
45.60547
95.60547
70.60547
20.60547
14.35547
64.35547
89.35547
39.35547
26.85547
76.85547
51.85547
1.85547
2.63672
52.63672
77.63672
27.63672
40.13672
90.13672
65.13672
15.13672
21.38672
71.38672
96.38672
46.38672
33.88672
83.88672
58.88672
8.88672
12.01172
62.01172
87.01172
37.01172
49.51172
99.51172
74.51172
24.51172
18.26172
68.26172
93.26172
43.26172
30.76172
80.76172
55.76172
5.76172
4.19922
54.19922
79.19922
29.19922
41.69922
91.69922
66.69922
16.69922
22.94922
72.94922
97.94922
47.94922
35.44922
85.44922
60.44922
10.44922
7.32422
57.32422
82.32422
32.32422
44.82422
94.82422
69.82422
19.82422
13.57422
63.57422
88.57422
38.57422
26.07422
76.07422
51.07422
1.07422
1.46484
51.46484
76.46484
26.46484
38.96484
88.96484
63.96484
13.96484
20.21484
70.21484
95.21484
45.21484
32.71484
82.71484
57.71484
7.71484
10.83984
60.83984
85.83984
35.83984
48.33984
98.33984
73.33984
23.33984
17.08984
67.08984
92.08984
42.08984
29.58984
79.58984
54.58984
4.58984
6.15234
56.15234
81.15234
31.15234
43.65234
93.65234
68.65234
18.65234
24.90234
74.90234
99.90234
49.90234
37.40234
87.40234
62.40234
12.40234
9.27734
59.27734
84.27734
34.27734
46.77734
96.77734
71.77734
21.77734
15.52734
65.52734
90.52734
40.52734
28.02734
78.02734
53.02734
3.02734
2.24609
52.24609
77.24609
27.24609
39.74609
89.74609
64.74609
14.74609
20.99609
70.99609
95.99609
45.99609
33.49609
83.49609
58.49609
8.49609
11.62109
61.62109
86.62109
36.62109
49.12109
99.12109
74.12109
24.12109
17.87109
67.87109
92.87109
42.87109
30.37109
80.37109
55.37109
5.37109
3.80859
53.80859
78.80859
28.80859
41.30859
91.30859
66.30859
16.30859
22.55859
72.55859
97.55859
47.55859
35.05859
85.05859
60.05859
10.05859
6.93359
56.93359
81.93359
31.93359
44.43359
94.43359
69.43359
19.43359
13.18359
63.18359
88.18359
38.18359
25.68359
75.68359
50.68359
0.68359
0.48828
50.48828
75.48828
25.48828
37.98828
87.98828
62.98828
12.98828
19.23828
69.23828
94.23828
44.23828
31.73828
81.73828
56.73828
6.73828
9.86328
59.86328
84.86328
34.86328
47.36328
97.36328
72.36328
22.36328
16.11328
66.11328
91.11328
41.11328
28.61328
78.61328
53.61328
3.61328
5.17578
55.17578
80.17578
30.17578
42.67578
92.67578
67.67578
17.67578
23.92578
73.92578
98.92578
48.92578
36.42578
86.42578
61.42578
11.42578
8.30078
58.30078
83.30078
33.30078
45.80078
95.80078
70.80078
20.80078
14.55078
64.55078
89.55078
39.55078
27.05078
77.05078
52.05078
2.05078
2.83203
52.83203
77.83203
27.83203
40.33203
90.33203
65.33203
15.33203
21.58203
71.58203
96.58203
46.58203
34.08203
84.08203
59.08203
9.08203
12.20703
62.20703
87.20703
37.20703
49.70703
99.70703
74.70703
24.70703
18.45703
68.45703
93.45703
43.45703
30.95703
80.95703
55.95703
5.95703
4.39453
54.39453
79.39453
29.39453
41.89453
91.89453
66.89453
16.89453
23.14453
73.14453
98.14453
48.14453
35.64453
85.64453
60.64453
10.64453
7.51953
57.51953
82.51953
32.51953
45.01953
95.01953
70.01953
20.01953
13.76953
63.76953
88.76953
38.76953
26.26953
76.26953
51.26953
1.26953
0.87891
50.87891
75.87891
25.87891
38.37891
88.37891
63.37891
13.37891
19.62891
69.62891
94.62891
44.62891
32.12891
82.12891
57.12891
7.12891
10.25391
60.25391
85.25391
35.25391
47.75391
97.75391
72.75391
22.75391
16.50391
66.50391
91.50391
41.50391
29.00391
79.00391
54.00391
4.00391
5.56641
55.56641
80.56641
30.56641
43.06641
93.06641
68.06641
18.06641
24.31641
74.31641
99.31641
49.31641
36.81641
86.81641
61.81641
11.81641
8.69141
58.69141
83.69141
33.69141
46.19141
96.19141
71.19141
21.19141
14.94141
64.94141
89.94141
39.94141
27.44141
77.44141
52.44141
2.44141
1.66016
51.66016
76.66016
26.66016
39.16016
89.16016
64.16016
14.16016
20.41016
70.41016
95.41016
45.41016
32.91016
82.91016
57.91016
7.91016
11.03516
61.03516
86.03516
36.03516
48.53516
98.53516
73.53516
23.53516
17.28516
67.28516
92.28516
42.28516
29.78516
79.78516
54.78516
4.78516
3.22266
53.22266
78.22266
28.22266
40.72266
90.72266
65.72266
15.72266
21.97266
71.97266
96.97266
46.97266
34.47266
84.47266
59.47266
9.47266
6.34766
56.34766
81.34766
31.34766
43.84766
93.84766
68.84766
18.84766
12.59766
62.59766
87.59766
37.59766
25.09766
75.09766
50.09766
0.09766
0.14648
50.14648
75.14648
25.14648
37.64648
87.64648
62.64648
12.64648
18.89648
68.89648
93.89648
43.89648
31.39648
81.39648
56.39648
6.39648
9.52148
59.52148
84.52148
34.52148
47.02148
97.02148
72.02148
22.02148
15.77148
65.77148
90.77148
40.77148
28.27148
78.27148
53.27148
3.27148
4.83398
54.83398
79.83398
29.83398
42.33398
92.33398
67.33398
17.33398
23.58398
73.58398
98.58398
48.58398
36.08398
86.08398
61.08398
11.08398
7.95898
57.95898
82.95898
32.95898
45.45898
95.45898
70.45898
20.45898
14.20898
64.20898
89.20898
39.20898
26.70898
76.70898
51.70898
1.70898
2.49023
52.49023
77.49023
27.49023
39.99023
89.99023
64.99023
14.99023
21.24023
71.24023
96.24023
46.24023
33.74023
83.74023
58.74023
8.74023
11.86523
61.86523
86.86523
36.86523
49.36523
99.36523
74.36523
24.36523
18.11523
68.11523
93.11523
43.11523
30.61523
80.61523
55.61523
5.61523
4.05273
54.05273
79.05273
29.05273
41.55273
91.55273
66.55273
16.55273
22.80273
72.80273
97.80273
47.80273
35.30273
85.30273
60.30273
10.30273
7.17773
57.17773
82.17773
32.17773
44.67773
94.67773
69.67773
19.67773
13.42773
63.42773
88.42773
38.42773
25.92773
75.92773
50.92773
0.92773
1.31836
51.31836
76.31836
26.31836
38.81836
88.81836
63.81836
13.81836
20.06836
70.06836
95.06836
45.06836
32.56836
82.56836
57.56836
7.56836
10.69336
60.69336
85.69336
35.69336
48.19336
98.19336
73.19336
23.19336
16.94336
66.94336
91.94336
41.94336
29.44336
79.44336
54.44336
4.44336
6.00586
56.00586
81.00586
31.00586
43.50586
93.50586
68.50586
18.50586
24.75586
74.75586
99.75586
49.75586
37.25586
87.25586
62.25586
12.25586
9.13086
59.13086
84.13086
34.13086
46.63086
96.63086
71.63086
21.63086
15.38086
65.38086
90.38086
40.38086
27.88086
77.88086
52.88086
2.88086
2.09961
52.09961
77.09961
27.09961
39.59961
89.59961
64.59961
14.59961
20.84961
70.84961
95.84961
45.84961
33.34961
83.34961
58.34961
8.34961
11.47461
61.47461
86.47461
36.47461
48.97461
98.97461
73.97461
23.97461
17.72461
67.72461
92.72461
42.72461
30.22461
80.22461
55.22461
5.22461
3.66211
53.66211
78.66211
28.66211
41.16211
91.16211
66.16211
16.16211
22.41211
72.41211
97.41211
47.41211
34.91211
84.91211
59.91211
9.91211
6.78711
56.78711
81.78711
31.78711
44.28711
94.28711
69.28711
19.28711
13.03711
63.03711
88.03711
38.03711
25.53711
75.53711
50.53711
0.53711
0.73242
50.73242
75.73242
25.73242
38.23242
88.23242
63.23242
13.23242
19.48242
69.48242
94.48242
44.48242
31.98242
81.98242
56.98242
6.98242
10.10742
60.10742
85.10742
35.10742
47.60742
97.60742
72.60742
22.60742
16.35742
66.35742
91.35742
41.35742
28.85742
78.85742
53.85742
3.85742
5.41992
55.41992
80.41992
30.41992
42.91992
92.91992
67.91992
17.91992
24.16992
74.16992
99.16992
49.16992
36.66992
86.66992
61.66992
11.66992
8.54492
58.54492
83.54492
33.54492
46.04492
96.04492
71.04492
21.04492
14.79492
64.79492
89.79492
39.79492
27.29492
77.29492
52.29492
2.29492
3.07617
53.07617
78.07617
28.07617
40.57617
90.57617
65.57617
15.57617
21.82617
71.82617
96.82617
46.82617
34.32617
84.32617
59.32617
9.32617
12.45117
62.45117
87.45117
37.45117
49.95117
99.95117
74.95117
24.95117
18.70117
68.70117
93.70117
43.70117
31.20117
81.20117
56.20117
6.20117
4.63867
54.63867
79.63867
29.63867
42.13867
92.13867
67.13867
17.13867
23.38867
73.38867
98.38867
48.38867
35.88867
85.88867
60.88867
10.88867
7.76367
57.76367
82.76367
32.76367
45.26367
95.26367
70.26367
20.26367
14.01367
64.01367
89.01367
39.01367
26.51367
76.51367
51.51367
1.51367
1.12305
51.12305
76.12305
26.12305
38.62305
88.62305
63.62305
13.62305
19.87305
69.87305
94.87305
44.87305
32.37305
82.37305
57.37305
7.37305
10.49805
60.49805
85.49805
35.49805
47.99805
97.99805
72.99805
22.99805
16.74805
66.74805
91.74805
41.74805
29.24805
79.24805
54.24805
4.24805
5.81055
55.81055
80.81055
30.81055
43.31055
93.31055
68.31055
18.31055
24.56055
74.56055
99.56055
49.56055
37.06055
87.06055
62.06055
12.06055
8.93555
58.93555
83.93555
33.93555
46.43555
96.43555
71.43555
21.43555
15.18555
65.18555
90.18555
40.18555
27.68555
77.68555
52.68555
2.68555
1.90430
51.90430
76.90430
26.90430
39.40430
89.40430
64.40430
14.40430
20.65430
70.65430
95.65430
45.65430
33.15430
83.15430
58.15430
8.15430
11.27930
61.27930
86.27930
36.27930
48.77930
98.77930
73.77930
23.77930
17.52930
67.52930
92.52930
42.52930
30.02930
80.02930
55.02930
5.02930
3.46680
53.46680
78.46680
28.46680
40.96680
90.96680
65.96680
15.96680
22.21680
72.21680
97.21680
47.21680
34.71680
84.71680
59.71680
9.71680
6.59180
56.59180
81.59180
31.59180
44.09180
94.09180
69.09180
19.09180
12.84180
62.84180
87.84180
37.84180
25.34180
75.34180
50.34180
0.34180
0.24414
50.24414
75.24414
25.24414
37.74414
87.74414
62.74414
12.74414
18.99414
68.99414
93.99414
43.99414
31.49414
81.49414
56.49414
6.49414
9.61914
59.61914
84.61914
34.61914
47.11914
97.11914
72.11914
22.11914
15.86914
65.86914
90.86914
40.86914
28.36914
78.36914
53.36914
3.36914
4.93164
54.93164
79.93164
29.93164
42.43164
92.43164
67.43164
17.43164
23.68164
73.68164
98.68164
48.68164
36.18164
86.18164
61.18164
11.18164
8.05664
58.05664
83.05664
33.05664
45.55664
95.55664
70.55664
20.55664
14.30664
64.30664
89.30664
39.30664
26.80664
76.80664
51.80664
1.80664
2.58789
52.58789
77.58789
27.58789
40.08789
90.08789
65.08789
15.08789
21.33789
71.33789
96.33789
46.33789
33.83789
83.83789
58.83789
8.83789
11.96289
61.96289
86.96289
36.96289
49.46289
99.46289
74.46289
24.46289
18.21289
68.21289
93.21289
43.21289
30.71289
80.71289
55.71289
5.71289
4.15039
54.15039
79.15039
29.15039
41.65039
91.65039
66.65039
16.65039
22.90039
72.90039
97.90039
47.90039
35.40039
85.40039
60.40039
10.40039
7.27539
57.27539
82.27539
32.27539
44.77539
94.77539
69.77539
19.77539
13.52539
63.52539
88.52539
38.52539
26.02539
76.02539
51.02539
1.02539
1.41602
51.41602
76.41602
26.41602
38.91602
88.91602
63.91602
13.91602
20.16602
70.16602
95.16602
45.16602
32.66602
82.66602
57.66602
7.66602
10.79102
60.79102
85.79102
35.79102
48.29102
98.29102
73.29102
23.29102
17.04102
67.04102
92.04102
42.04102
29.54102
79.54102
54.54102
4.54102
6.10352
56.10352
81.10352
31.10352
43.60352
93.60352
68.60352
18.60352
24.85352
74.85352
99.85352
49.85352
37.35352
87.35352
62.35352
12.35352
9.22852
59.22852
84.22852
34.22852
46.72852
96.72852
71.72852
21.72852
15.47852
65.47852
90.47852
40.47852
27.97852
77.97852
52.97852
2.97852
2.19727
52.19727
77.19727
27.19727
39.69727
89.69727
64.69727
14.69727
20.94727
70.94727
95.94727
45.94727
33.44727
83.44727
58.44727
8.44727
11.57227
61.57227
86.57227
36.57227
49.07227
99.07227
74.07227
24.07227
17.82227
67.82227
92.82227
42.82227
30.32227
80.32227
55.32227
5.32227
3.75977
53.75977
78.75977
28.75977
41.25977
91.25977
66.25977
16.25977
22.50977
72.50977
97.50977
47.50977
35.00977
85.00977
60.00977
10.00977
6.88477
56.88477
81.88477
31.88477
44.38477
94.38477
69.38477
19.38477
13.13477
63.13477
88.13477
38.13477
25.63477
75.63477
50.63477
0.63477
0.43945
50.43945
75.43945
25.43945
37.93945
87.93945
62.93945
12.93945
19.18945
69.18945
94.18945
44.18945
31.68945
81.68945
56.68945
6.68945
9.81445
59.81445
84.81445
34.81445
47.31445
97.31445
72.31445
22.31445
16.06445
66.06445
91.06445
41.06445
28.56445
78.56445
53.56445
3.56445
5.12695
55.12695
80.12695
30.12695
42.62695
92.62695
67.62695
17.62695
23.87695
73.87695
98.87695
48.87695
36.37695
86.37695
61.37695
11.37695
8.25195
58.25195
83.25195
33.25195
45.75195
95.75195
70.75195
20.75195
14.50195
64.50195
89.50195
39.50195
27.00195
77.00195
52.00195
2.00195
2.78320
52.78320
77.78320
27.78320
40.28320
90.28320
65.28320
15.28320
21.53320
71.53320
96.53320
46.53320
34.03320
84.03320
59.03320
9.03320
12.15820
62.15820
87.15820
37.15820
49.65820
99.65820
74.65820
24.65820
18.40820
68.40820
93.40820
43.40820
30.90820
80.90820
55.90820
5.90820
4.34570
54.34570
79.34570
29.34570
41.84570
91.84570
66.84570
16.84570
23.09570
73.09570
98.09570
48.09570
35.59570
85.59570
60.59570
10.59570
7.47070
57.47070
82.47070
32.47070
44.97070
94.97070
69.97070
19.97070
13.72070
63.72070
88.72070
38.72070
26.22070
76.22070
51.22070
1.22070
0.83008
50.83008
75.83008
25.83008
38.33008
88.33008
63.33008
13.33008
19.58008
69.58008
94.58008
44.58008
32.08008
82.08008
57.08008
7.08008
10.20508
60.20508
85.20508
35.20508
47.70508
97.70508
72.70508
22.70508
16.45508
66.45508
91.45508
41.45508
28.95508
78.95508
53.95508
3.95508
5.51758
55.51758
80.51758
30.51758
43.01758
93.01758
68.01758
18.01758
24.26758
74.26758
99.26758
49.26758
36.76758
86.76758
61.76758
11.76758
8.64258
58.64258
83.64258
33.64258
46.14258
96.14258
71.14258
21.14258
14.89258
64.89258
89.89258
39.89258
27.39258
77.39258
52.39258
2.39258
1.61133
51.61133
76.61133
26.61133
39.11133
89.11133
64.11133
14.11133
20.36133
70.36133
95.36133
45.36133
32.86133
82.86133
57.86133
7.86133
