0
0
0
0
0
0.000214335
0.00276849
0.0098594
0.0202743
0.0321532
0.046413
0.0648457
0.0874463
0.113031
0.14101
0.171555
0.204515
0.238871
0.273326
0.307082
0.339965
0.372005
0.403076
0.432888
0.461173
0.487828
0.512899
0.53649
0.558695
0.579579
0.599201
0.617635
0.634967
0.651284
0.666656
0.681143
0.694795
0.707657
0.719779
0.731202
0.74197
0.752119
0.761682
0.770694
0.779184
0.787185
0.794723
0.801826
0.808518
0.814824
0.820765
0.826363
0.831638
0.836607
0.84129
0.845702
0.84986
0.853777
0.857468
0.860945
0.864222
0.86731
0.870219
0.87296
0.875543
0.877977
0.88027
0.88243
0.884466
0.886384
0.888192
0.889895
0.891499
0.893011
0.894436
0.895778
0.897043
0.898234
0.899357
0.900415
0.901412
0.902351
0.903237
0.90407
0.904856
0.905597
0.906294
0.906951
0.907571
0.908154
0.908704
0.909222
0.90971
0.91017
0.910604
0.911012
0.911397
0.911759
0.912101
0.912423
0.912726
0.913012
0.913281
0.913535
0.913774
0.913999
0.914211
0.914411
0.9146
0.914777
0.914944
0.915102
0.91525
0.91539
0.915522
0.915646
0.915763
0.915874
0.915978
0.916076
0.916168
0.916255
0.916337
0.916414
0.916487
0.916555
0.91662
0.91668
0.916738
0.916792
0.916843
0.916891
0.916936
0.916978
0.917018
0.917056
0.917092
0.917125
0.917157
0.917187
0.917215
0.917241
0.917266
0.91729
0.917312
0.917333
0.917352
0.917371
0.917388
0.917405
0.91742
0.917435
0.917449
0.917462
0.917474
0.917485
0.917496
0.917506
0.917516
0.917525
0.917534
0.917542
0.917549
0.917556
0.917563
0.917569
0.917575
0.917581
0.917586
0.917591
0.917596
0.9176
0.917605
0.917608
0.917612
0.917616
0.917619
0.917622
0.917625
0.917628
0.91763
0.917633
0.917635
0.917637
0.917639
0.917641
0.917643
0.917645
0.917646
0.917648
0.917649
0.917651
0.917652
0.917653
0.917654
0.917655
0.917656
0.917657
0.917658
0.917659
0.91766
0.91766
0.917661
0.917662
0.917662
0.917663
0.917664
0.917664
0.917665
0.917665
0.917665
0.917666
0.917666
0.917667
0.917667
0.917667
0.917668
0.917668
0.917668
0.917668
0.917669
0.917669
0.917669
0.917669
0.917669
0.91767
0.91767
0.91767
0.91767
0.91767
0.91767
0.917671
0.917671
0.917671
0.917671
0.917671
0.917671
0.917671
0.917671
0.917671
0.917671
0.917671
0.917672
0.917672
0.917672
0.917672
0.917672
0.917672
0.917672
0.917672
0.917672
0.917672
0.917672
0.917672
0.917672
0.917672
0.917672
0.917672
0.917672
0.917672
0.917672
0.917672
0.917672
0.917672
0.917672
0.917672
0.917672
0.917672
0.917672
0.917672
0.917672
0.917672
0.917672
0.917672
0.917672
0.917672
0.917672
0.917672
0.917672
0.917672
0.917672
0.917672
0.917672
0.917672
0.917672
0.917672
0.917672
0.917672
0.917672
0.917672
0.917672
0.917672
0.917672
0.917672
0.917672
0.917672
0.917672
0.917672
0.917672
0.917672
0.917672
0.917672
0.917672
0.917672
0.917672
0.917672
0.917672
0.917672
0.917672
0.917672
0.917672
0.917672
0.917672
0.917672
0.917672
0.917672
0.917672
0.917672
0.917672
0.917672
0.917672
0.917672
0.917672
0.917672
0.917672
0.917672
0.917672
0.917672
0.917672
0.917672
0.917672
0.917672
0.917672
0.917672
0.917672
0.917672
0.917672
0.917672
0.917672
0.917672
0.917672
0.917672
0.917672
0.917672
0.917672
0.917672
0.917672
0.917672
0.917672
0.917672
0.917672
0.917672
0.917672
0.917672
0.917672
0.917672
0.917672
0.917672
0.917672
0.917672
0.917672
0.917672
0.917672
0.917672
0.917672
0.917672
0.917672
0.917672
0.917672
0.917672
0.917672
0.917672
0.917672
0.917672
0.917672
0.917672
0.917672
0.917672
0.917672
0.917672
0.917672
0.917672
0.917672
0.917672
0.917672
0.917672
0.917672
0.917672
0.917672
0.917672
0.917672
0.917672
0.917672
0.917672
0.917672
0.917672
0.917672
0.917672
0.917672
0.917672
0.917672
0.917672
0.917672
0.917672
0.917672
0.917672
0.917672
0.917672
0.917672
0.917672
0.917672
0.917672
0.917672
0.917672
0.917672
0.917672
0.917672
0.917672
0.917672
0.917672
0.917672
0.917672
0.917672
0.917672
0.917672
0.917672
0.917672
0.917672
0.917672
0.917672
0.917672
0.917672
0.917672
0.917672
0.917672
0.917672
0.917672
0.917672
0.917672
0.917672
0.917672
0.917672
0.917672
0.917672
0.917672
0.917672
0.917672
0.917672
0.917672
0.917672
0.917672
0.917672
0.917672
0.917672
0.917672
0.917672
0.917672
0.917672
0.917672
0.917672
0.917672
0.917672
0.917672
0.917672
0.917672
0.917672
0.917672
0.917672
0.917672
0.917672
0.917672
0.917672
0.917672
0.917672
0.917672
0.917672
0.917672
0.917672
0.917672
0.917672
0.917672
0.917672
0.917672
0.917672
0.917672
0.917672
0.917672
0.917672
0.917672
0.917672
0.917672
0.917672
0.917672
0.917672
0.917672
0.917672
0.917672
0.917672
0.917672
0.917672
0.917672
0.917672
0.917672
0.917672
0.917672
0.917672
0.917672
0.917672
0.917672
0.917672
0.917672
0.917672
0.917672
0.917672
0.917672
0.917672
0.917672
0.917672
0.917672
0.917672
0.917672
0.917672
0.917672
0.917672
0.917672
0.917672
0.917672
0.917672
0.917672
0.917672
0.917672
0.917672
0.917672
0.917672
0.917672
0.917672
0.917672
0.917672
0.917672
0.917672
0.917672
0.917672
0.917672
0.917672
0.917672
0.917672
0.917672
0.917672
0.917672
0.917672
0.917672
0.917672
0.917672
0.917672
0.917672
0.917672
0.917672
0.917672
0.917672
0.917672
0.917672
0.917672
0.917672
0.917672
0.917672
0.917672
0.917672
0.917672
0.917672
0.917672
0.917672
0.917672
0.917672
0.917672
0.917672
0.917672
0.917672
0.917672
0.917672
0.917672
0.917672
0.917672
0.917672
0.917672
0.917672
0.917672
0.917672
0.917672
0.917672
0.917672
0.917672
0.917672
0.917672
0.917672
0.917672
0.917672
0.917672
0.917672
0.917672
0.917672
0.917672
0.917672
0.917672
0.917672
0.917672
0.917672
0.917672
0.917672
0.917672
0.917672
0.917672
0.917672
0.917672
0.917672
0.917672
0.917672
0.917672
0.917672
0.917672
0.917672
0.917672
0.917672
0.917672
0.917672
0.917672
0.917672
0.917672
0.917672
0.917672
0.917672
0.917672
0.917672
0.917672
0.917672
0.917672
0.917672
0.917672
0.917672
0.917672
0.917672
0.917672
0.917672
0.917672
0.917672
0.917672
0.917672
0.917672
0.917672
0.917672
0.917672
0.917672
0.917672
0.917672
0.917672
0.917672
0.917672
0.917672
0.917672
0.917672
0.917672
0.917672
0.917672
0.917672
0.917672
0.917672
0.917672
0.917672
0.917672
0.917672
0.917672
0.917672
0.917672
0.917672
0.917672
0.917672
0.917672
0.917672
0.917672
0.917672
0.917672
0.917672
0.917672
0.917672
0.917672
0.917672
0.917672
0.917672
0.917672
0.917672
0.917672
0.917672
0.917672
0.917672
0.917672
0.917672
0.917672
0.917672
0.917672
0.917672
0.917672
0.917672
0.917672
0.917672
0.917672
0.917672
0.917672
0.917672
0.917672
0.917672
0.917672
0.917672
0.917672
0.917672
0.917672
0.917672
0.917672
0.917672
0.917672
0.917672
0.917672
0.917672
0.917672
0.917672
0.917672
0.917672
0.917672
0.917672
0.917672
0.917672
0.917672
0.917672
0.917672
0.917672
0.917672
0.917672
0.917672
0.917672
0.917672
0.917672
0.917672
0.917672
0.917672
0.917672
0.917672
0.917672
0.917672
0.917672
0.917672
0.917672
0.917672
0.917672
0.917672
0.917672
0.917672
0.917672
0.917672
0.917672
0.917672
0.917672
0.917672
0.917672
0.917672
0.917672
0.917672
0.917672
0.917672
0.917672
0.917672
0.917672
0.917672
0.917672
0.917672
0.917672
0.917672
0.917672
0.917672
0.917672
0.917672
0.917672
0.917672
0.917672
0.917672
0.917672
0.917672
0.917672
0.917672
0.917672
0.917672
0.917672
0.917672
0.917672
0.917672
0.917672
0.917672
0.917672
0.917672
0.917672
0.917672
0.917672
0.917672
0.917672
0.917672
0.917672
0.917672
0.917672
0.917672
0.917672
0.917672
0.917672
0.917672
0.917672
0.917672
0.917672
0.917672
0.917672
0.917672
0.917672
0.917672
0.917672
0.917672
0.917672
0.917672
0.917672
0.917672
0.917672
0.917672
0.917672
0.917672
0.917672
0.917672
0.917672
0.917672
0.917672
0.917672
0.917672
0.917672
0.917672
0.917672
0.917672
0.917672
0.917672
0.917672
0.917672
0.917672
0.917672
0.917672
0.917672
0.917672
0.917672
0.917672
0.917672
0.917672
0.917672
0.917672
0.917672
0.917672
0.917672
0.917672
0.917672
0.917672
0.917672
0.917672
0.917672
0.917672
0.917672
0.917672
0.917672
0.917672
0.917672
0.917672
0.917672
0.917672
0.917672
0.917672
0.917672
0.917672
0.917672
0.917672
0.917672
0.917672
0.917672
0.917672
0.917672
0.917672
0.917672
0.917672
0.917672
0.917672
0.917672
0.917672
0.917672
0.917672
0.917672
0.917672
0.917672
0.917672
0.917672
0.917672
0.917672
0.917672
0.917672
0.917672
0.917672
0.917672
0.917672
0.917672
0.917672
0.917672
0.917672
0.917672
0.917672
0.917672
0.917672
0.917672
0.917672
0.917672
0.917672
0.917672
0.917672
0.917672
0.917672
0.917672
0.917672
0.917672
0.917672
0.917672
0.917672
0.917672
0.917672
0.917672
0.917672
0.917672
0.917672
0.917672
0.917672
0.917672
0.917672
0.917672
0.917672
0.917672
0.917672
0.917672
0.917672
0.917672
0.917672
0.917672
0.917672
0.917672
0.917672
0.917672
0.917672
0.917672
0.917672
0.917672
0.917672
0.917672
0.917672
0.917672
0.917672
0.917672
0.917672
0.917672
0.917672
0.917672
0.917672
0.917672
0.917672
0.917672
0.917672
0.917672
0.917672
0.917672
0.917672
0.917672
0.917672
0.917672
0.917672
0.917672
0.917672
0.917672
0.917672
0.917672
0.917672
0.917672
0.917672
0.917672
0.917672
0.917672
0.917672
0.917672
0.917672
0.917672
0.917672
0.917672
0.917672
0.917672
0.917672
0.917672
0.917672
0.917672
