0, 0.166667, 0.166667, 0.166667, 0.166667, 0.166667, 0.166667, 0, 0, 0, 0, 0, 0, 0, 0, 0, 0, 0, 0, 0, 0, 0, 0, 0, 0, 0, 0, 0, 0, 0, 0, 0, 0, 0, 0, 0, 0, 0, 0, 0, 0, 0, 0, 0, 0, 0, 0, 0, 0, 0, 0, 0, 0, 0, 0, 0, 0, 0, 0, 0, 0, 0, 0, 0, 0, 0, 0, 0, 0, 0, 0, 0, 0, 0, 0, 0, 0, 0, 0, 0, 0, 0, 0, 0, 0, 0, 0, 0, 0, 0, 0, 0, 0, 0, 0, 0, 0, 0, 0, 0, 0, 
0, 0, 0.0277778, 0.0555556, 0.0833333, 0.111111, 0.138889, 0.166667, 0.138889, 0.111111, 0.0833333, 0.0555556, 0.0277778, 0, 0, 0, 0, 0, 0, 0, 0, 0, 0, 0, 0, 0, 0, 0, 0, 0, 0, 0, 0, 0, 0, 0, 0, 0, 0, 0, 0, 0, 0, 0, 0, 0, 0, 0, 0, 0, 0, 0, 0, 0, 0, 0, 0, 0, 0, 0, 0, 0, 0, 0, 0, 0, 0, 0, 0, 0, 0, 0, 0, 0, 0, 0, 0, 0, 0, 0, 0, 0, 0, 0, 0, 0, 0, 0, 0, 0, 0, 0, 0, 0, 0, 0, 0, 0, 0, 0, 0, 
0, 0, 0, 0.00462963, 0.0138889, 0.0277778, 0.0462963, 0.0694444, 0.0972222, 0.115741, 0.125, 0.125, 0.115741, 0.0972222, 0.0694444, 0.0462963, 0.0277778, 0.0138889, 0.00462963, 0, 0, 0, 0, 0, 0, 0, 0, 0, 0, 0, 0, 0, 0, 0, 0, 0, 0, 0, 0, 0, 0, 0, 0, 0, 0, 0, 0, 0, 0, 0, 0, 0, 0, 0, 0, 0, 0, 0, 0, 0, 0, 0, 0, 0, 0, 0, 0, 0, 0, 0, 0, 0, 0, 0, 0, 0, 0, 0, 0, 0, 0, 0, 0, 0, 0, 0, 0, 0, 0, 0, 0, 0, 0, 0, 0, 0, 0, 0, 0, 0, 0, 
0, 0, 0, 0, 0.000771605, 0.00308642, 0.00771605, 0.0154321, 0.0270062, 0.0432099, 0.0617284, 0.0802469, 0.0964506, 0.108025, 0.112654, 0.108025, 0.0964506, 0.0802469, 0.0617284, 0.0432099, 0.0270062, 0.0154321, 0.00771605, 0.00308642, 0.000771605, 0, 0, 0, 0, 0, 0, 0, 0, 0, 0, 0, 0, 0, 0, 0, 0, 0, 0, 0, 0, 0, 0, 0, 0, 0, 0, 0, 0, 0, 0, 0, 0, 0, 0, 0, 0, 0, 0, 0, 0, 0, 0, 0, 0, 0, 0, 0, 0, 0, 0, 0, 0, 0, 0, 0, 0, 0, 0, 0, 0, 0, 0, 0, 0, 0, 0, 0, 0, 0, 0, 0, 0, 0, 0, 0, 0, 
0, 0, 0, 0, 0, 0.000128601, 0.000643004, 0.00192901, 0.00450103, 0.00900206, 0.0162037, 0.0263632, 0.0392233, 0.0540124, 0.0694445, 0.0837191, 0.0945216, 0.100309, 0.100309, 0.0945216, 0.0837191, 0.0694445, 0.0540124, 0.0392233, 0.0263632, 0.0162037, 0.00900206, 0.00450103, 0.00192901, 0.000643004, 0.000128601, 0, 0, 0, 0, 0, 0, 0, 0, 0, 0, 0, 0, 0, 0, 0, 0, 0, 0, 0, 0, 0, 0, 0, 0, 0, 0, 0, 0, 0, 0, 0, 0, 0, 0, 0, 0, 0, 0, 0, 0, 0, 0, 0, 0, 0, 0, 0, 0, 0, 0, 0, 0, 0, 0, 0, 0, 0, 0, 0, 0, 0, 0, 0, 0, 0, 0, 0, 0, 0, 0, 
0, 0, 0, 0, 0, 0, 2.14335e-05, 0.000128601, 0.000450103, 0.00120027, 0.00270062, 0.00540124, 0.00977366, 0.0162037, 0.0248843, 0.0357082, 0.048161, 0.061214, 0.0735383, 0.0837191, 0.0904707, 0.0928498, 0.0904707, 0.0837191, 0.0735383, 0.061214, 0.048161, 0.0357082, 0.0248843, 0.0162037, 0.00977366, 0.00540124, 0.00270062, 0.00120027, 0.000450103, 0.000128601, 2.14335e-05, 0, 0, 0, 0, 0, 0, 0, 0, 0, 0, 0, 0, 0, 0, 0, 0, 0, 0, 0, 0, 0, 0, 0, 0, 0, 0, 0, 0, 0, 0, 0, 0, 0, 0, 0, 0, 0, 0, 0, 0, 0, 0, 0, 0, 0, 0, 0, 0, 0, 0, 0, 0, 0, 0, 0, 0, 0, 0, 0, 0, 0, 0, 0, 0, 
0, 0, 0, 0, 0, 0, 0, 3.57225e-06, 2.50057e-05, 0.000100023, 0.000300069, 0.000750172, 0.00165038, 0.00327575, 0.00595493, 0.0100273, 0.0157786, 0.0233553, 0.0326575, 0.0432849, 0.0545375, 0.0654685, 0.0749922, 0.0820438, 0.0857946, 0.0857946, 0.0820438, 0.0749922, 0.0654685, 0.0545375, 0.0432849, 0.0326575, 0.0233553, 0.0157786, 0.0100273, 0.00595493, 0.00327575, 0.00165038, 0.000750172, 0.000300069, 0.000100023, 2.50057e-05, 3.57225e-06, 0, 0, 0, 0, 0, 0, 0, 0, 0, 0, 0, 0, 0, 0, 0, 0, 0, 0, 0, 0, 0, 0, 0, 0, 0, 0, 0, 0, 0, 0, 0, 0, 0, 0, 0, 0, 0, 0, 0, 0, 0, 0, 0, 0, 0, 0, 0, 0, 0, 0, 0, 0, 0, 0, 0, 0, 0, 0, 
0, 0, 0, 0, 0, 0, 0, 0, 5.95374e-07, 4.76299e-06, 2.14335e-05, 7.14449e-05, 0.000196474, 0.000471536, 0.0010169, 0.00200522, 0.00365977, 0.00623952, 0.0100071, 0.0151749, 0.0218431, 0.0299402, 0.0391804, 0.0490493, 0.0588307, 0.0676869, 0.0747719, 0.0793563, 0.0809435, 0.0793563, 0.0747719, 0.0676869, 0.0588307, 0.0490493, 0.0391804, 0.0299402, 0.0218431, 0.0151749, 0.0100071, 0.00623952, 0.00365977, 0.00200522, 0.0010169, 0.000471536, 0.000196474, 7.14449e-05, 2.14335e-05, 4.76299e-06, 5.95374e-07, 0, 0, 0, 0, 0, 0, 0, 0, 0, 0, 0, 0, 0, 0, 0, 0, 0, 0, 0, 0, 0, 0, 0, 0, 0, 0, 0, 0, 0, 0, 0, 0, 0, 0, 0, 0, 0, 0, 0, 0, 0, 0, 0, 0, 0, 0, 0, 0, 0, 0, 0, 0, 
0, 0, 0, 0, 0, 0, 0, 0, 0, 9.92291e-08, 8.93061e-07, 4.46531e-06, 1.63728e-05, 4.91184e-05, 0.000127708, 0.000297092, 0.000630501, 0.00123689, 0.0022649, 0.0039, 0.00635056, 0.00982159, 0.0144774, 0.0203975, 0.0275325, 0.0356698, 0.0444218, 0.0532432, 0.0614792, 0.0684398, 0.0734909, 0.0761478, 0.0761478, 0.0734909, 0.0684398, 0.0614792, 0.0532432, 0.0444218, 0.0356698, 0.0275325, 0.0203975, 0.0144774, 0.00982159, 0.00635056, 0.0039, 0.0022649, 0.00123689, 0.000630501, 0.000297092, 0.000127708, 4.91184e-05, 1.63728e-05, 4.46531e-06, 8.93061e-07, 9.92291e-08, 0, 0, 0, 0, 0, 0, 0, 0, 0, 0, 0, 0, 0, 0, 0, 0, 0, 0, 0, 0, 0, 0, 0, 0, 0, 0, 0, 0, 0, 0, 0, 0, 0, 0, 0, 0, 0, 0, 0, 0, 0, 0, 0, 0, 0, 0, 
0, 0, 0, 0, 0, 0, 0, 0, 0, 0, 1.65382e-08, 1.65382e-07, 9.096e-07, 3.6384e-06, 1.18248e-05, 3.31094e-05, 8.26082e-05, 0.000187543, 0.000392947, 0.000767702, 0.00140952, 0.00244666, 0.00403407, 0.0063419, 0.00953533, 0.0137466, 0.0190416, 0.0253868, 0.0326237, 0.0404573, 0.0484644, 0.0561241, 0.0628705, 0.0681581, 0.0715327, 0.0726928, 0.0715327, 0.0681581, 0.0628705, 0.0561241, 0.0484644, 0.0404573, 0.0326237, 0.0253868, 0.0190416, 0.0137466, 0.00953533, 0.0063419, 0.00403407, 0.00244666, 0.00140952, 0.000767702, 0.000392947, 0.000187543, 8.26082e-05, 3.31094e-05, 1.18248e-05, 3.6384e-06, 9.096e-07, 1.65382e-07, 1.65382e-08, 0, 0, 0, 0, 0, 0, 0, 0, 0, 0, 0, 0, 0, 0, 0, 0, 0, 0, 0, 0, 0, 0, 0, 0, 0, 0, 0, 0, 0, 0, 0, 0, 0, 0, 0, 0, 0, 0, 0, 0, 
0, 0, 0, 0, 0, 0, 0, 0, 0, 0, 0, 2.75636e-09, 3.032e-08, 1.8192e-07, 7.8832e-07, 2.75912e-06, 8.27736e-06, 2.20426e-05, 5.32722e-05, 0.000118612, 0.000245956, 0.000478904, 0.000881162, 0.00153974, 0.00256547, 0.0040892, 0.00625235, 0.00919102, 0.0130144, 0.0177793, 0.0234652, 0.0299534, 0.0370163, 0.0443211, 0.0514497, 0.0579345, 0.0633071, 0.0671518, 0.0691575, 0.0691575, 0.0671518, 0.0633071, 0.0579345, 0.0514497, 0.0443211, 0.0370163, 0.0299534, 0.0234652, 0.0177793, 0.0130144, 0.00919102, 0.00625235, 0.0040892, 0.00256547, 0.00153974, 0.000881162, 0.000478904, 0.000245956, 0.000118612, 5.32722e-05, 2.20426e-05, 8.27736e-06, 2.75912e-06, 7.8832e-07, 1.8192e-07, 3.032e-08, 2.75636e-09, 0, 0, 0, 0, 0, 0, 0, 0, 0, 0, 0, 0, 0, 0, 0, 0, 0, 0, 0, 0, 0, 0, 0, 0, 0, 0, 0, 0, 0, 0, 0, 0, 0, 0, 
0, 0, 0, 0, 0, 0, 0, 0, 0, 0, 0, 0, 4.59394e-10, 5.51273e-09, 3.58327e-08, 1.67219e-07, 6.27072e-07, 2.00663e-06, 5.67994e-06, 1.45536e-05, 3.42919e-05, 7.51532e-05, 0.000154511, 0.000299992, 0.000552941, 0.00097164, 0.0016334, 0.00263447, 0.00408649, 0.00610869, 0.00881529, 0.0122986, 0.0166093, 0.0217366, 0.0275916, 0.0339975, 0.04069, 0.0473304, 0.0535301, 0.058887, 0.0630264, 0.0656434, 0.0665388, 0.0656434, 0.0630264, 0.058887, 0.0535301, 0.0473304, 0.04069, 0.0339975, 0.0275916, 0.0217366, 0.0166093, 0.0122986, 0.00881529, 0.00610869, 0.00408649, 0.00263447, 0.0016334, 0.00097164, 0.000552941, 0.000299992, 0.000154511, 7.51532e-05, 3.42919e-05, 1.45536e-05, 5.67994e-06, 2.00663e-06, 6.27072e-07, 1.67219e-07, 3.58327e-08, 5.51273e-09, 4.59394e-10, 0, 0, 0, 0, 0, 0, 0, 0, 0, 0, 0, 0, 0, 0, 0, 0, 0, 0, 0, 0, 0, 0, 0, 0, 0, 0, 0, 0, 
0, 0, 0, 0, 0, 0, 0, 0, 0, 0, 0, 0, 0, 7.65656e-11, 9.95353e-10, 6.96747e-09, 3.48374e-08, 1.39349e-07, 4.73788e-07, 1.42037e-06, 3.84505e-06, 9.5544e-06, 2.20521e-05, 4.76993e-05, 9.73635e-05, 0.000188574, 0.000348088, 0.000614607, 0.00104116, 0.00169649, 0.00266461, 0.00404166, 0.00592949, 0.00842546, 0.0116092, 0.0155267, 0.0201748, 0.0254873, 0.0313259, 0.0374794, 0.0436711, 0.0495769, 0.0548512, 0.0591593, 0.0622115, 0.0637942, 0.0637942, 0.0622115, 0.0591593, 0.0548512, 0.0495769, 0.0436711, 0.0374794, 0.0313259, 0.0254873, 0.0201748, 0.0155267, 0.0116092, 0.00842546, 0.00592949, 0.00404166, 0.00266461, 0.00169649, 0.00104116, 0.000614607, 0.000348088, 0.000188574, 9.73635e-05, 4.76993e-05, 2.20521e-05, 9.5544e-06, 3.84505e-06, 1.42037e-06, 4.73788e-07, 1.39349e-07, 3.48374e-08, 6.96747e-09, 9.95353e-10, 7.65656e-11, 0, 0, 0, 0, 0, 0, 0, 0, 0, 0, 0, 0, 0, 0, 0, 0, 0, 0, 0, 0, 0, 0, 
0, 0, 0, 0, 0, 0, 0, 0, 0, 0, 0, 0, 0, 0, 1.27609e-11, 1.78653e-10, 1.3399e-09, 7.14613e-09, 3.0371e-08, 1.09336e-07, 3.46051e-07, 9.86727e-07, 2.57797e-06, 6.2475e-06, 1.41742e-05, 3.03224e-05, 6.15147e-05, 0.000118888, 0.000219731, 0.000389582, 0.00066438, 0.00109225, 0.00173444, 0.00266467, 0.00396648, 0.00572781, 0.00803284, 0.0109512, 0.0145255, 0.0187582, 0.0236005, 0.0289442, 0.0346192, 0.0403986, 0.0460106, 0.0511582, 0.055544, 0.0588979, 0.0610037, 0.0617217, 0.0610037, 0.0588979, 0.055544, 0.0511582, 0.0460106, 0.0403986, 0.0346192, 0.0289442, 0.0236005, 0.0187582, 0.0145255, 0.0109512, 0.00803284, 0.00572781, 0.00396648, 0.00266467, 0.00173444, 0.00109225, 0.00066438, 0.000389582, 0.000219731, 0.000118888, 6.15147e-05, 3.03224e-05, 1.41742e-05, 6.2475e-06, 2.57797e-06, 9.86727e-07, 3.46051e-07, 1.09336e-07, 3.0371e-08, 7.14613e-09, 1.3399e-09, 1.78653e-10, 1.27609e-11, 0, 0, 0, 0, 0, 0, 0, 0, 0, 0, 0, 0, 0, 0, 0, 0, 
0, 0, 0, 0, 0, 0, 0, 0, 0, 0, 0, 0, 0, 0, 0, 2.12682e-12, 3.19024e-11, 2.55219e-10, 1.44624e-09, 6.50808e-09, 2.47307e-08, 8.24038e-08, 2.46828e-07, 6.76266e-07, 1.71633e-06, 4.07362e-06, 9.10914e-06, 1.93039e-05, 3.89542e-05, 7.51463e-05, 0.000139035, 0.000247403, 0.000424392, 0.000703212, 0.00112751, 0.00175197, 0.00264167, 0.00386975, 0.00551291, 0.00764475, 0.010327, 0.0135993, 0.0174687, 0.0218998, 0.0268077, 0.0320552, 0.0374552, 0.0427792, 0.0477715, 0.0521689, 0.0557227, 0.0582215, 0.0595115, 0.0595115, 0.0582215, 0.0557227, 0.0521689, 0.0477715, 0.0427792, 0.0374552, 0.0320552, 0.0268077, 0.0218998, 0.0174687, 0.0135993, 0.010327, 0.00764475, 0.00551291, 0.00386975, 0.00264167, 0.00175197, 0.00112751, 0.000703212, 0.000424392, 0.000247403, 0.000139035, 7.51463e-05, 3.89542e-05, 1.93039e-05, 9.10914e-06, 4.07362e-06, 1.71633e-06, 6.76266e-07, 2.46828e-07, 8.24038e-08, 2.47307e-08, 6.50808e-09, 1.44624e-09, 2.55219e-10, 3.19024e-11, 2.12682e-12, 0, 0, 0, 0, 0, 0, 0, 0, 0, 0, 
0, 0, 0, 0, 0, 0, 0, 0, 0, 0, 0, 0, 0, 0, 0, 0, 3.54471e-13, 5.67153e-12, 4.8208e-11, 2.89248e-10, 1.37393e-09, 5.49571e-09, 1.92293e-08, 6.03621e-08, 1.73031e-07, 4.58844e-07, 1.1367e-06, 2.65077e-06, 5.85435e-06, 1.23056e-05, 2.47173e-05, 4.76038e-05, 8.81587e-05, 0.000157372, 0.000271357, 0.000452783, 0.000732253, 0.00114936, 0.00175308, 0.00260117, 0.00375809, 0.00529134, 0.00726591, 0.00973708, 0.0127421, 0.0162912, 0.0203596, 0.024881, 0.0297443, 0.0347948, 0.0398396, 0.0446588, 0.0490198, 0.0526959, 0.0554846, 0.0572263, 0.0578186, 0.0572263, 0.0554846, 0.0526959, 0.0490198, 0.0446588, 0.0398396, 0.0347948, 0.0297443, 0.024881, 0.0203596, 0.0162912, 0.0127421, 0.00973708, 0.00726591, 0.00529134, 0.00375809, 0.00260117, 0.00175308, 0.00114936, 0.000732253, 0.000452783, 0.000271357, 0.000157372, 8.81587e-05, 4.76038e-05, 2.47173e-05, 1.23056e-05, 5.85435e-06, 2.65077e-06, 1.1367e-06, 4.58844e-07, 1.73031e-07, 6.03621e-08, 1.92293e-08, 5.49571e-09, 1.37393e-09, 2.89248e-10, 4.8208e-11, 5.67153e-12, 3.54471e-13, 0, 0, 0, 0, 
0, 0, 0, 0, 0, 0, 0, 0, 0, 0, 0, 0, 0, 0, 0, 0, 0, 5.90784e-14, 1.00433e-12, 9.039e-12, 5.7247e-11, 2.86235e-10, 1.20219e-09, 4.40701e-09, 1.44664e-08, 4.32968e-08, 1.19723e-07, 3.08943e-07, 7.49821e-07, 1.72234e-06, 3.76321e-06, 7.85391e-06, 1.57114e-05, 3.02151e-05, 5.6002e-05, 0.000100252, 0.000173665, 0.000291588, 0.000475214, 0.000752701, 0.00116, 0.00174112, 0.00254755, 0.00363649, 0.00506778, 0.00689928, 0.00918096, 0.0119479, 0.0152128, 0.0189592, 0.0231355, 0.0276518, 0.0323797, 0.0371564, 0.0417922, 0.0460822, 0.0498208, 0.0528173, 0.0549119, 0.0559894, 0.0559894, 0.0549119, 0.0528173, 0.0498208, 0.0460822, 0.0417922, 0.0371564, 0.0323797, 0.0276518, 0.0231355, 0.0189592, 0.0152128, 0.0119479, 0.00918096, 0.00689928, 0.00506778, 0.00363649, 0.00254755, 0.00174112, 0.00116, 0.000752701, 0.000475214, 0.000291588, 0.000173665, 0.000100252, 5.6002e-05, 3.02151e-05, 1.57114e-05, 7.85391e-06, 3.76321e-06, 1.72234e-06, 7.49821e-07, 3.08943e-07, 1.19723e-07, 4.32968e-08, 1.44664e-08, 4.40701e-09, 1.20219e-09, 2.86235e-10, 5.7247e-11, 1.01024e-11, 
0, 0, 0, 0, 0, 0, 0, 0, 0, 0, 0, 0, 0, 0, 0, 0, 0, 0, 9.84641e-15, 1.77235e-13, 1.68374e-12, 1.12249e-11, 5.89307e-11, 2.59295e-10, 9.93788e-10, 3.40469e-09, 1.06193e-08, 3.05635e-08, 8.20063e-08, 2.06776e-07, 4.93099e-07, 1.11789e-06, 2.41966e-06, 5.01827e-06, 1.00026e-05, 1.92113e-05, 3.5633e-05, 6.395e-05, 0.000111239, 0.000187823, 0.000308237, 0.000492237, 0.000765715, 0.00116136, 0.00171885, 0.00248427, 0.0035087, 0.00484553, 0.00654666, 0.00865754, 0.0112113, 0.0142226, 0.0176814, 0.0215478, 0.0257492, 0.0301791, 0.0346996, 0.0391472, 0.0433415, 0.0470968, 0.0502356, 0.0526018, 0.0540734, 0.0545729, 0.0540734, 0.0526018, 0.0502356, 0.0470968, 0.0433415, 0.0391472, 0.0346996, 0.0301791, 0.0257492, 0.0215478, 0.0176814, 0.0142226, 0.0112113, 0.00865754, 0.00654666, 0.00484553, 0.0035087, 0.00248427, 0.00171885, 0.00116136, 0.000765715, 0.000492237, 0.000308237, 0.000187823, 0.000111239, 6.395e-05, 3.5633e-05, 1.92113e-05, 1.00026e-05, 5.01827e-06, 2.41966e-06, 1.11789e-06, 4.93099e-07, 2.06776e-07, 8.20063e-08, 3.05635e-08, 1.53491e-08, 
0, 0, 0, 0, 0, 0, 0, 0, 0, 0, 0, 0, 0, 0, 0, 0, 0, 0, 0, 1.64107e-15, 3.11803e-14, 3.11803e-13, 2.18262e-12, 1.20044e-11, 5.52203e-11, 2.2085e-10, 7.88269e-10, 2.55787e-09, 7.64993e-09, 2.13078e-08, 5.57273e-08, 1.37745e-07, 3.23492e-07, 7.24999e-07, 1.55628e-06, 3.20972e-06, 6.37714e-06, 1.22338e-05, 2.27058e-05, 4.08424e-05, 7.13098e-05, 0.000121016, 0.000199853, 0.000321534, 0.000504436, 0.00077237, 0.00115511, 0.00168852, 0.00241407, 0.00337756, 0.00462693, 0.00620901, 0.0081654, 0.0105275, 0.0133112, 0.0165117, 0.0200986, 0.0240133, 0.0281674, 0.0324441, 0.0367022, 0.0407833, 0.0445204, 0.0477494, 0.0503203, 0.052109, 0.0530265, 0.0530265, 0.052109, 0.0503203, 0.0477494, 0.0445204, 0.0407833, 0.0367022, 0.0324441, 0.0281674, 0.0240133, 0.0200986, 0.0165117, 0.0133112, 0.0105275, 0.0081654, 0.00620901, 0.00462693, 0.00337756, 0.00241407, 0.00168852, 0.00115511, 0.00077237, 0.000504436, 0.000321534, 0.000199853, 0.000121016, 7.13098e-05, 4.08424e-05, 2.27058e-05, 1.22338e-05, 6.37714e-06, 3.20972e-06, 1.55628e-06, 1.27456e-06, 
0, 0, 0, 0, 0, 0, 0, 0, 0, 0, 0, 0, 0, 0, 0, 0, 0, 0, 0, 0, 2.73511e-16, 5.47023e-15, 5.74374e-14, 4.21207e-13, 2.42194e-12, 1.16253e-11, 4.84334e-11, 1.79806e-10, 6.06067e-10, 1.88069e-09, 5.42999e-09, 1.47087e-08, 3.76293e-08, 9.14133e-08, 2.1182e-07, 4.69926e-07, 1.00133e-06, 2.0549e-06, 4.07091e-06, 7.80129e-06, 1.44875e-05, 2.61131e-05, 4.57474e-05, 7.79934e-05, 0.000129543, 0.000209832, 0.000331753, 0.000512387, 0.000773638, 0.00114267, 0.00165201, 0.00233909, 0.0032452, 0.00441358, 0.00588675, 0.00770294, 0.00989195, 0.0124706, 0.0154379, 0.0187716, 0.0224244, 0.0263229, 0.0303682, 0.0344385, 0.0383945, 0.0420866, 0.0453641, 0.0480848, 0.0501254, 0.0513901, 0.0518186, 0.0513901, 0.0501254, 0.0480848, 0.0453641, 0.0420866, 0.0383945, 0.0344385, 0.0303682, 0.0263229, 0.0224244, 0.0187716, 0.0154379, 0.0124706, 0.00989195, 0.00770294, 0.00588675, 0.00441358, 0.0032452, 0.00233909, 0.00165201, 0.00114267, 0.000773638, 0.000512387, 0.000331753, 0.000209832, 0.000129543, 7.79934e-05, 4.57474e-05, 2.61131e-05, 3.02496e-05, 
0, 0, 0, 0, 0, 0, 0, 0, 0, 0, 0, 0, 0, 0, 0, 0, 0, 0, 0, 0, 0, 4.55852e-17, 9.5729e-16, 1.05302e-14, 8.07314e-14, 4.84389e-13, 2.42194e-12, 1.04941e-11, 4.04609e-11, 1.41463e-10, 4.54841e-10, 1.35944e-09, 3.80894e-09, 1.00724e-08, 2.5278e-08, 6.04804e-08, 1.38488e-07, 3.04471e-07, 6.44502e-07, 1.31672e-06, 2.6017e-06, 4.98098e-06, 9.25484e-06, 1.67125e-05, 2.93689e-05, 5.0281e-05, 8.39528e-05, 0.00013683, 0.000217876, 0.000339191, 0.000516638, 0.000770383, 0.00112526, 0.00161083, 0.00226103, 0.00311322, 0.0042066, 0.00557992, 0.0072685, 0.00930062, 0.0116936, 0.0144499, 0.0175532, 0.0209659, 0.0246272, 0.0284533, 0.0323392, 0.0361625, 0.0397895, 0.0430823, 0.0459076, 0.048145, 0.0496955, 0.0504891, 0.0504891, 0.0496955, 0.048145, 0.0459076, 0.0430823, 0.0397895, 0.0361625, 0.0323392, 0.0284533, 0.0246272, 0.0209659, 0.0175532, 0.0144499, 0.0116936, 0.00930062, 0.0072685, 0.00557992, 0.0042066, 0.00311322, 0.00226103, 0.00161083, 0.00112526, 0.000770383, 0.000516638, 0.000339191, 0.000217876, 0.000336489, 
0, 0, 0, 0, 0, 0, 0, 0, 0, 0, 0, 0, 0, 0, 0, 0, 0, 0, 0, 0, 0, 0, 7.59754e-18, 1.67146e-16, 1.92218e-15, 1.53774e-14, 9.61088e-14, 4.99766e-13, 2.24878e-12, 8.99211e-12, 3.25674e-11, 1.08361e-10, 3.34853e-10, 9.69273e-10, 2.64626e-09, 6.85252e-09, 1.6909e-08, 3.99145e-08, 9.04331e-08, 1.97215e-07, 4.14989e-07, 8.44392e-07, 1.66448e-06, 3.18387e-06, 5.91854e-06, 1.0706e-05, 1.88667e-05, 3.24252e-05, 5.44001e-05, 8.91703e-05, 0.000142917, 0.000224128, 0.000344145, 0.000517696, 0.000763364, 0.00110389, 0.00156623, 0.00218122, 0.00298281, 0.00400668, 0.00528831, 0.00686041, 0.00874986, 0.0109743, 0.0135386, 0.0164318, 0.0196239, 0.0230648, 0.0266836, 0.0303896, 0.0340757, 0.0376224, 0.0409043, 0.0437971, 0.0461848, 0.0479681, 0.0490703, 0.0494432, 0.0490703, 0.0479681, 0.0461848, 0.0437971, 0.0409043, 0.0376224, 0.0340757, 0.0303896, 0.0266836, 0.0230648, 0.0196239, 0.0164318, 0.0135386, 0.0109743, 0.00874986, 0.00686041, 0.00528831, 0.00400668, 0.00298281, 0.00218122, 0.00156623, 0.00110389, 0.0022102, 
0, 0, 0, 0, 0, 0, 0, 0, 0, 0, 0, 0, 0, 0, 0, 0, 0, 0, 0, 0, 0, 0, 0, 1.26626e-18, 2.91239e-17, 3.49487e-16, 2.91239e-15, 1.89305e-14, 1.02225e-13, 4.7702e-13, 1.97568e-12, 7.40326e-12, 2.54608e-11, 8.12536e-11, 2.42716e-10, 6.83385e-10, 1.82397e-09, 4.63671e-09, 1.12711e-08, 2.62874e-08, 5.89951e-08, 1.27719e-07, 2.67309e-07, 5.41903e-07, 1.0659e-06, 2.03725e-06, 3.7887e-06, 6.86398e-06, 1.21274e-05, 2.09167e-05, 3.52478e-05, 5.80808e-05, 9.36512e-05, 0.000147864, 0.000228743, 0.000346903, 0.000516023, 0.000753242, 0.00107942, 0.0015192, 0.0021007, 0.00285486, 0.00381428, 0.00501155, 0.00647706, 0.00823637, 0.0103072, 0.0126965, 0.0153972, 0.0183862, 0.021622, 0.0250449, 0.0285766, 0.0321234, 0.0355788, 0.038829, 0.0417587, 0.0442578, 0.046228, 0.047589, 0.0482841, 0.0482841, 0.047589, 0.046228, 0.0442578, 0.0417587, 0.038829, 0.0355788, 0.0321234, 0.0285766, 0.0250449, 0.021622, 0.0183862, 0.0153972, 0.0126965, 0.0103072, 0.00823637, 0.00647706, 0.00501155, 0.00381428, 0.00978178, 
0, 0, 0, 0, 0, 0, 0, 0, 0, 0, 0, 0, 0, 0, 0, 0, 0, 0, 0, 0, 0, 0, 0, 0, 2.11043e-19, 5.06502e-18, 6.33128e-17, 5.48711e-16, 3.7038e-15, 2.07413e-14, 1.00244e-13, 4.29519e-13, 1.66334e-12, 5.90632e-12, 1.94454e-11, 5.9881e-11, 1.73699e-10, 4.77365e-10, 1.24892e-09, 3.12318e-09, 7.49088e-09, 1.72829e-08, 3.84555e-08, 8.2703e-08, 1.72247e-07, 3.48018e-07, 6.83178e-07, 1.3048e-06, 2.42751e-06, 4.4042e-06, 7.8e-06, 1.3497e-05, 2.28376e-05, 3.78147e-05, 6.13147e-05, 9.74173e-05, 0.000151748, 0.000231878, 0.000347738, 0.000512033, 0.00074059, 0.00105258, 0.00147057, 0.00202028, 0.00273, 0.00362961, 0.00474914, 0.00611689, 0.00775716, 0.00968764, 0.0119167, 0.0144409, 0.0172423, 0.0202872, 0.0235251, 0.0268886, 0.0302958, 0.0336519, 0.0368541, 0.0397959, 0.0423735, 0.0444911, 0.046067, 0.0470387, 0.047367, 0.0470387, 0.046067, 0.0444911, 0.0423735, 0.0397959, 0.0368541, 0.0336519, 0.0302958, 0.0268886, 0.0235251, 0.0202872, 0.0172423, 0.0144409, 0.0119167, 0.00968764, 0.0317604, 
0, 0, 0, 0, 0, 0, 0, 0, 0, 0, 0, 0, 0, 0, 0, 0, 0, 0, 0, 0, 0, 0, 0, 0, 0, 3.51738e-20, 8.79345e-19, 1.14315e-17, 1.02883e-16, 7.20183e-16, 4.17706e-15, 2.08844e-14, 9.24701e-14, 3.69683e-13, 1.35398e-12, 4.59427e-12, 1.4571e-11, 4.35041e-11, 1.22993e-10, 3.30869e-10, 8.50415e-10, 2.09565e-09, 4.96617e-09, 1.13465e-08, 2.50507e-08, 5.35505e-08, 1.11033e-07, 2.23648e-07, 4.38233e-07, 8.36408e-07, 1.55666e-06, 2.82795e-06, 5.01944e-06, 8.71184e-06, 1.47968e-05, 2.46114e-05, 4.01135e-05, 6.41049e-05, 0.000100502, 0.000154652, 0.000233688, 0.000346901, 0.000506095, 0.000725899, 0.00102397, 0.00142101, 0.00194061, 0.0026087, 0.00345275, 0.00450051, 0.00577841, 0.00730953, 0.00911141, 0.0111936, 0.0135553, 0.0161833, 0.0190502, 0.0221133, 0.0253152, 0.0285838, 0.0318352, 0.0349766, 0.0379104, 0.0405389, 0.0427701, 0.0445222, 0.0457293, 0.0463449, 0.0463449, 0.0457293, 0.0445222, 0.0427701, 0.0405389, 0.0379104, 0.0349766, 0.0318352, 0.0285838, 0.0253152, 0.0221133, 0.0190502, 0.0803103, 
0, 0, 0, 0, 0, 0, 0, 0, 0, 0, 0, 0, 0, 0, 0, 0, 0, 0, 0, 0, 0, 0, 0, 0, 0, 0, 5.8623e-21, 1.5242e-19, 2.05767e-18, 1.92049e-17, 1.39235e-16, 8.35412e-16, 4.31615e-15, 1.97277e-14, 8.13395e-14, 3.06985e-13, 1.07258e-12, 3.50038e-12, 1.07476e-11, 3.12311e-11, 8.63143e-11, 2.27825e-10, 5.76335e-10, 1.4016e-09, 3.28543e-09, 7.44005e-09, 1.631e-08, 3.46738e-08, 7.15991e-08, 1.4381e-07, 2.81321e-07, 5.36588e-07, 9.98988e-07, 1.81706e-06, 3.23176e-06, 5.62485e-06, 9.58734e-06, 1.60135e-05, 2.62263e-05, 4.214e-05, 6.64633e-05, 0.000102945, 0.00015666, 0.000234324, 0.000344623, 0.000498534, 0.000709594, 0.00099408, 0.00137105, 0.00186216, 0.00249126, 0.00328366, 0.00426508, 0.00546022, 0.00689104, 0.0085748, 0.0105219, 0.0127339, 0.0152012, 0.0179018, 0.0208002, 0.0238468, 0.026979, 0.0301224, 0.0331934, 0.0361025, 0.0387589, 0.0410746, 0.0429693, 0.0443751, 0.0452401, 0.0455322, 0.0452401, 0.0443751, 0.0429693, 0.0410746, 0.0387589, 0.0361025, 0.0331934, 0.0301224, 0.165398, 
0, 0, 0, 0, 0, 0, 0, 0, 0, 0, 0, 0, 0, 0, 0, 0, 0, 0, 0, 0, 0, 0, 0, 0, 0, 0, 0, 9.7705e-22, 2.63803e-20, 3.69325e-19, 3.57014e-18, 2.6776e-17, 1.66011e-16, 8.85368e-16, 4.17329e-15, 1.77295e-14, 6.88906e-14, 2.4763e-13, 8.30887e-13, 2.62143e-12, 7.82332e-12, 2.21955e-11, 6.01151e-11, 1.55992e-10, 3.89009e-10, 9.34789e-10, 2.16959e-09, 4.87354e-09, 1.06145e-08, 2.24517e-08, 4.61864e-08, 9.25256e-08, 1.80717e-07, 3.44497e-07, 6.4156e-07, 1.16825e-06, 2.08176e-06, 3.63276e-06, 6.21225e-06, 1.04168e-05, 1.71373e-05, 2.76759e-05, 4.3896e-05, 6.84081e-05, 0.000104793, 0.000157859, 0.000233925, 0.000341113, 0.000489636, 0.000692033, 0.000963339, 0.00132111, 0.0017853, 0.00237788, 0.00312224, 0.00404224, 0.00516101, 0.00649946, 0.0080745, 0.00989718, 0.0119708, 0.014289, 0.0168343, 0.0195772, 0.0224752, 0.0254739, 0.0285074, 0.0315005, 0.0343718, 0.0370368, 0.0394123, 0.0414201, 0.0429917, 0.0440719, 0.044622, 0.044622, 0.0440719, 0.0429917, 0.0414201, 0.0394123, 0.287483, 
0, 0, 0, 0, 0, 0, 0, 0, 0, 0, 0, 0, 0, 0, 0, 0, 0, 0, 0, 0, 0, 0, 0, 0, 0, 0, 0, 0, 1.62842e-22, 4.55956e-21, 6.61137e-20, 6.61137e-19, 5.12381e-18, 3.27924e-17, 1.80354e-16, 8.75898e-16, 3.83076e-15, 1.53119e-14, 5.65792e-14, 1.95033e-13, 6.31791e-13, 1.93498e-12, 5.63127e-12, 1.5639e-11, 4.15964e-11, 1.06293e-10, 2.61654e-10, 6.21949e-10, 1.43051e-09, 3.18958e-09, 6.90552e-09, 1.45384e-08, 2.98036e-08, 5.95615e-08, 1.16165e-07, 2.21323e-07, 4.1229e-07, 7.51552e-07, 1.34159e-06, 2.34685e-06, 4.02557e-06, 6.77486e-06, 1.11928e-05, 1.81618e-05, 2.89577e-05, 4.53879e-05, 6.99616e-05, 0.000106093, 0.000158332, 0.000232622, 0.00033656, 0.000479651, 0.000673526, 0.000932089, 0.00127155, 0.00171032, 0.00226868, 0.0029683, 0.00383135, 0.00487955, 0.00613277, 0.00760753, 0.00931532, 0.0112609, 0.0134405, 0.0158406, 0.0184367, 0.0211928, 0.0240614, 0.0269843, 0.0298943, 0.0327171, 0.0353748, 0.0377889, 0.0398841, 0.0415925, 0.0428566, 0.0436332, 0.0438952, 0.0436332, 0.43442, 
0, 0, 0, 0, 0, 0, 0, 0, 0, 0, 0, 0, 0, 0, 0, 0, 0, 0, 0, 0, 0, 0, 0, 0, 0, 0, 0, 0, 0, 2.71403e-23, 7.87068e-22, 1.1806e-20, 1.21996e-19, 9.75964e-19, 6.44136e-18, 3.65003e-17, 1.82482e-16, 8.20931e-16, 3.37281e-15, 1.28018e-14, 4.53018e-14, 1.5057e-13, 4.72921e-13, 1.41083e-12, 4.01477e-12, 1.09381e-11, 2.8621e-11, 7.21247e-11, 1.7546e-10, 4.1294e-10, 9.41929e-10, 2.08592e-09, 4.49127e-09, 9.41492e-09, 1.92382e-08, 3.83606e-08, 7.47162e-08, 1.4228e-07, 2.65116e-07, 4.83747e-07, 8.64962e-07, 1.51653e-06, 2.60878e-06, 4.40554e-06, 7.30725e-06, 1.19099e-05, 1.90834e-05, 3.00728e-05, 4.66258e-05, 7.1149e-05, 0.000106892, 0.000158159, 0.000230537, 0.000331131, 0.000468797, 0.000654333, 0.000900615, 0.00122264, 0.00163741, 0.00216372, 0.00282163, 0.00363183, 0.0046147, 0.00578914, 0.00717123, 0.00877275, 0.0105996, 0.0126503, 0.0149145, 0.0173722, 0.0199927, 0.022735, 0.0255478, 0.0283708, 0.0311368, 0.0337739, 0.0362086, 0.038369, 0.0401884, 0.0416084, 0.585661, 
0, 0, 0, 0, 0, 0, 0, 0, 0, 0, 0, 0, 0, 0, 0, 0, 0, 0, 0, 0, 0, 0, 0, 0, 0, 0, 0, 0, 0, 0, 4.52338e-24, 1.35701e-22, 2.10337e-21, 2.2436e-20, 1.85097e-19, 1.25866e-18, 7.34203e-18, 3.77556e-17, 1.74576e-16, 7.3669e-16, 2.87016e-15, 1.04194e-14, 3.55083e-14, 1.14298e-13, 3.49299e-13, 1.01787e-12, 2.83874e-12, 7.60136e-12, 1.95971e-11, 4.87616e-11, 1.1735e-10, 2.73669e-10, 6.19498e-10, 1.36327e-09, 2.92041e-09, 6.09753e-09, 1.24221e-08, 2.47179e-08, 4.80836e-08, 9.1521e-08, 1.70576e-07, 3.1153e-07, 5.57892e-07, 9.80236e-07, 1.69078e-06, 2.86447e-06, 4.76883e-06, 7.80525e-06, 1.25646e-05, 1.99008e-05, 3.10247e-05, 4.76222e-05, 7.19972e-05, 0.000107239, 0.000157416, 0.000227778, 0.000324975, 0.000457262, 0.000634675, 0.000869154, 0.00117458, 0.00156672, 0.00206297, 0.00268199, 0.00344307, 0.00436537, 0.00546688, 0.00676321, 0.00826628, 0.00998291, 0.0119134, 0.0140503, 0.0163774, 0.0188687, 0.0214888, 0.0241926, 0.0269262, 0.0296288, 0.0322345, 0.0346746, 0.720891, 
0, 0, 0, 0, 0, 0, 0, 0, 0, 0, 0, 0, 0, 0, 0, 0, 0, 0, 0, 0, 0, 0, 0, 0, 0, 0, 0, 0, 0, 0, 0, 7.53896e-25, 2.33708e-23, 3.73933e-22, 4.11326e-21, 3.49627e-20, 2.44739e-19, 1.46841e-18, 7.76099e-18, 3.68566e-17, 1.59635e-16, 6.37964e-16, 2.37432e-15, 8.29115e-15, 2.73345e-14, 8.5522e-14, 2.55044e-13, 7.27689e-13, 1.99285e-12, 5.2531e-12, 1.3361e-11, 3.28611e-11, 7.83029e-11, 1.8108e-10, 4.07025e-10, 8.90493e-10, 1.89862e-09, 3.94942e-09, 8.02345e-09, 1.59341e-08, 3.09604e-08, 5.89031e-08, 1.09809e-07, 2.0072e-07, 3.59973e-07, 6.33756e-07, 1.09591e-06, 1.86229e-06, 3.11124e-06, 5.11236e-06, 8.26579e-06, 1.31548e-05, 2.06144e-05, 3.18191e-05, 4.83915e-05, 7.25333e-05, 0.000107179, 0.000156171, 0.000224444, 0.000318224, 0.00044521, 0.000614738, 0.000837895, 0.00112756, 0.00149835, 0.00196641, 0.00254912, 0.0032645, 0.00413058, 0.00516447, 0.00638129, 0.00779301, 0.00940717, 0.0112256, 0.0132432, 0.0154469, 0.0178152, 0.0203173, 0.0229138, 0.0255566, 0.827289, 
0, 0, 0, 0, 0, 0, 0, 0, 0, 0, 0, 0, 0, 0, 0, 0, 0, 0, 0, 0, 0, 0, 0, 0, 0, 0, 0, 0, 0, 0, 0, 0, 1.25649e-25, 4.02078e-24, 6.63429e-23, 7.51886e-22, 6.579e-21, 4.73688e-20, 2.92104e-19, 1.5856e-18, 7.7283e-18, 3.43334e-17, 1.40655e-16, 5.36334e-16, 1.91795e-15, 6.47241e-15, 2.07199e-14, 6.32006e-14, 1.84376e-13, 5.16121e-13, 1.39026e-12, 3.61253e-12, 9.07513e-12, 2.20831e-11, 5.21417e-11, 1.19647e-10, 2.67187e-10, 5.81397e-10, 1.23416e-09, 2.55835e-09, 5.18386e-09, 1.02761e-08, 1.99449e-08, 3.79299e-08, 7.0725e-08, 1.29383e-07, 2.32354e-07, 4.09846e-07, 7.1041e-07, 1.21065e-06, 2.02926e-06, 3.34689e-06, 5.43373e-06, 8.68681e-06, 1.36796e-05, 2.12263e-05, 3.24632e-05, 4.89488e-05, 7.27848e-05, 0.000106756, 0.000154491, 0.000220627, 0.000310995, 0.000432781, 0.000594679, 0.000806996, 0.00108169, 0.00143235, 0.00187397, 0.00242275, 0.00309557, 0.00390939, 0.00488049, 0.0060235, 0.00735035, 0.00886912, 0.0105829, 0.0124885, 0.0145759, 0.016827, 0.901749, 
0, 0, 0, 0, 0, 0, 0, 0, 0, 0, 0, 0, 0, 0, 0, 0, 0, 0, 0, 0, 0, 0, 0, 0, 0, 0, 0, 0, 0, 0, 0, 0, 0, 2.09416e-26, 6.91072e-25, 1.17482e-23, 1.37063e-22, 1.23356e-21, 9.12837e-21, 5.78123e-20, 3.22078e-19, 1.61012e-18, 7.33222e-18, 3.07736e-17, 1.20155e-16, 4.39764e-16, 1.51824e-15, 4.97027e-15, 1.5498e-14, 4.62038e-14, 1.32135e-13, 3.63524e-13, 9.64535e-13, 2.4736e-12, 6.14359e-12, 1.48031e-11, 3.46583e-11, 7.89578e-11, 1.75255e-10, 3.79435e-10, 8.02146e-10, 1.65743e-09, 3.35017e-09, 6.62978e-09, 1.28545e-08, 2.44363e-08, 4.55738e-08, 8.34354e-08, 1.5003e-07, 2.65108e-07, 4.60561e-07, 7.86983e-07, 1.32323e-06, 2.19013e-06, 3.56962e-06, 5.73116e-06, 9.06711e-06, 1.41394e-05, 2.17397e-05, 3.29649e-05, 4.93099e-05, 7.27784e-05, 0.000106012, 0.000152434, 0.000216406, 0.000303388, 0.000420095, 0.000574629, 0.000776582, 0.00103708, 0.00136874, 0.00178556, 0.00230262, 0.00293576, 0.00370095, 0.00461368, 0.00568807, 0.00693595, 0.00836581, 0.00998171, 0.948521, 
0, 0, 0, 0, 0, 0, 0, 0, 0, 0, 0, 0, 0, 0, 0, 0, 0, 0, 0, 0, 0, 0, 0, 0, 0, 0, 0, 0, 0, 0, 0, 0, 0, 0, 3.49026e-27, 1.18669e-25, 2.07671e-24, 2.49205e-23, 2.30514e-22, 1.75191e-21, 1.13873e-20, 6.50669e-20, 3.33418e-19, 1.55543e-18, 6.68416e-18, 2.67084e-17, 9.99928e-17, 3.52978e-16, 1.18109e-15, 3.76286e-15, 1.14584e-14, 3.34608e-14, 9.39749e-14, 2.54478e-13, 6.65916e-13, 1.68726e-12, 4.14675e-12, 9.90112e-12, 2.30002e-11, 5.20486e-11, 1.14876e-10, 2.47543e-10, 5.21314e-10, 1.0739e-09, 2.1657e-09, 4.27892e-09, 8.2884e-09, 1.57503e-08, 2.938e-08, 5.38267e-08, 9.69064e-08, 1.71524e-07, 2.98615e-07, 5.11559e-07, 8.62675e-07, 1.43261e-06, 2.34362e-06, 3.77804e-06, 6.00345e-06, 9.4062e-06, 1.45353e-05, 2.21587e-05, 3.33332e-05, 4.94907e-05, 7.25397e-05, 0.000104984, 0.000150055, 0.000211852, 0.000295494, 0.000407255, 0.000554696, 0.000746752, 0.00099378, 0.00130753, 0.00170106, 0.00218845, 0.00278455, 0.00350444, 0.00436284, 0.00537337, 0.975097, 
0, 0, 0, 0, 0, 0, 0, 0, 0, 0, 0, 0, 0, 0, 0, 0, 0, 0, 0, 0, 0, 0, 0, 0, 0, 0, 0, 0, 0, 0, 0, 0, 0, 0, 0, 5.8171e-28, 2.03599e-26, 3.66477e-25, 4.51989e-24, 4.29389e-23, 3.34924e-22, 2.2328e-21, 1.30773e-20, 6.86465e-20, 3.27881e-19, 1.44187e-18, 5.89298e-18, 2.25566e-17, 8.13754e-17, 2.78168e-16, 9.05053e-16, 2.81367e-15, 8.38602e-15, 2.40318e-14, 6.63859e-14, 1.77175e-13, 4.57759e-13, 1.14697e-12, 2.79158e-12, 6.60928e-12, 1.52416e-11, 3.42766e-11, 7.52525e-11, 1.61447e-10, 3.3878e-10, 6.95898e-10, 1.40038e-09, 2.76263e-09, 5.34643e-09, 1.01562e-08, 1.89484e-08, 3.47385e-08, 6.26127e-08, 1.11001e-07, 1.93635e-07, 3.32518e-07, 5.62314e-07, 9.36766e-07, 1.53785e-06, 2.48866e-06, 3.9711e-06, 6.24987e-06, 9.70422e-06, 1.48692e-05, 2.24879e-05, 3.35773e-05, 4.9507e-05, 7.20935e-05, 0.000103709, 0.000147402, 0.00020703, 0.000287389, 0.000394351, 0.000534972, 0.000717585, 0.000951846, 0.00124871, 0.00162035, 0.00207997, 0.00264148, 0.988847, 
0, 0, 0, 0, 0, 0, 0, 0, 0, 0, 0, 0, 0, 0, 0, 0, 0, 0, 0, 0, 0, 0, 0, 0, 0, 0, 0, 0, 0, 0, 0, 0, 0, 0, 0, 0, 9.69517e-29, 3.49026e-27, 6.45698e-26, 8.17885e-25, 7.97437e-24, 6.3795e-23, 4.35929e-22, 2.61547e-21, 1.40565e-20, 6.87026e-20, 3.09007e-19, 1.29111e-18, 5.05017e-18, 1.86106e-17, 6.49604e-17, 2.15748e-16, 6.84452e-16, 2.08114e-15, 6.08269e-15, 1.71335e-14, 4.66163e-14, 1.22759e-13, 3.13452e-13, 7.77319e-13, 1.87486e-12, 4.40407e-12, 1.00873e-11, 2.25531e-11, 4.92698e-11, 1.05268e-10, 2.20149e-10, 4.51005e-10, 9.0573e-10, 1.78426e-09, 3.45005e-09, 6.55165e-09, 1.22254e-08, 2.24275e-08, 4.04671e-08, 7.18486e-08, 1.25575e-07, 2.16136e-07, 3.66474e-07, 6.12348e-07, 1.00862e-06, 1.6382e-06, 2.62443e-06, 4.14808e-06, 6.47014e-06, 9.96182e-06, 1.51433e-05, 2.27326e-05, 3.37065e-05, 4.9374e-05, 7.14629e-05, 0.00010222, 0.000144522, 0.000201996, 0.000279142, 0.000381455, 0.000515529, 0.000689142, 0.000911303, 0.00119224, 0.995364, 
0, 0, 0, 0, 0, 0, 0, 0, 0, 0, 0, 0, 0, 0, 0, 0, 0, 0, 0, 0, 0, 0, 0, 0, 0, 0, 0, 0, 0, 0, 0, 0, 0, 0, 0, 0, 0, 1.61586e-29, 5.97869e-28, 1.13595e-26, 1.47674e-25, 1.47674e-24, 1.21092e-23, 8.47641e-23, 5.20675e-22, 2.86341e-21, 1.43137e-20, 6.58136e-20, 2.80989e-19, 1.12261e-18, 4.22394e-18, 1.50483e-17, 5.09949e-17, 1.65019e-16, 5.1166e-16, 1.5246e-15, 4.37707e-15, 1.21356e-14, 3.25594e-14, 8.46874e-14, 2.13894e-13, 5.25357e-13, 1.25651e-12, 2.92996e-12, 6.66835e-12, 1.48277e-11, 3.22428e-11, 6.86219e-11, 1.43055e-10, 2.92329e-10, 5.85947e-10, 1.15274e-09, 2.22714e-09, 4.22802e-09, 7.89076e-09, 1.44843e-08, 2.61617e-08, 4.6516e-08, 8.14468e-08, 1.40488e-07, 2.38808e-07, 4.00168e-07, 6.61226e-07, 1.0777e-06, 1.73302e-06, 2.7503e-06, 4.30855e-06, 6.66432e-06, 1.01801e-05, 1.53604e-05, 2.28981e-05, 3.37302e-05, 4.91065e-05, 7.06696e-05, 0.000100547, 0.000141453, 0.0001968, 0.000270811, 0.000368631, 0.000496428, 0.998206, 
0, 0, 0, 0, 0, 0, 0, 0, 0, 0, 0, 0, 0, 0, 0, 0, 0, 0, 0, 0, 0, 0, 0, 0, 0, 0, 0, 0, 0, 0, 0, 0, 0, 0, 0, 0, 0, 0, 2.6931e-30, 1.02338e-28, 1.99559e-27, 2.66079e-26, 2.72731e-25, 2.29094e-24, 1.64183e-23, 1.03197e-22, 5.80431e-22, 2.96602e-21, 1.39347e-20, 6.07641e-20, 2.47852e-19, 9.51754e-19, 3.45933e-18, 1.19561e-17, 3.94483e-17, 1.24678e-16, 3.78591e-16, 1.1074e-15, 3.1275e-15, 8.54557e-15, 2.26326e-14, 5.81963e-14, 1.45502e-13, 3.54191e-13, 8.40495e-13, 1.94646e-12, 4.40364e-12, 9.74179e-12, 2.10912e-11, 4.47244e-11, 9.29576e-11, 1.89504e-10, 3.79157e-10, 7.44973e-10, 1.43821e-09, 2.72949e-09, 5.09482e-09, 9.35745e-09, 1.6918e-08, 3.01213e-08, 5.28313e-08, 9.13176e-08, 1.55598e-07, 2.61442e-07, 4.33307e-07, 7.0857e-07, 1.14354e-06, 1.82183e-06, 2.86585e-06, 4.45233e-06, 6.83278e-06, 1.03603e-05, 1.55236e-05, 2.29899e-05, 3.36575e-05, 4.87186e-05, 6.9734e-05, 9.87176e-05, 0.000138231, 0.000191485, 0.999353, 
0, 0, 0, 0, 0, 0, 0, 0, 0, 0, 0, 0, 0, 0, 0, 0, 0, 0, 0, 0, 0, 0, 0, 0, 0, 0, 0, 0, 0, 0, 0, 0, 0, 0, 0, 0, 0, 0, 0, 4.48851e-31, 1.75052e-29, 3.50103e-28, 4.78475e-27, 5.02398e-26, 4.32063e-25, 3.16844e-24, 2.0368e-23, 1.17106e-22, 6.11439e-22, 2.93384e-21, 1.30608e-20, 5.43667e-20, 2.12975e-19, 7.89434e-19, 2.78162e-18, 9.35401e-18, 3.01236e-17, 9.31808e-17, 2.77589e-16, 7.98261e-16, 2.22053e-15, 5.98606e-15, 1.56647e-14, 3.98518e-14, 9.86991e-14, 2.3826e-13, 5.61246e-13, 1.29141e-12, 2.90535e-12, 6.3963e-12, 1.37913e-11, 2.91442e-11, 6.04038e-11, 1.22863e-10, 2.45401e-10, 4.81587e-10, 9.29048e-10, 1.76269e-09, 3.29068e-09, 6.04716e-09, 1.09432e-08, 1.95087e-08, 3.42734e-08, 5.93573e-08, 1.01371e-07, 1.7077e-07, 2.83844e-07, 4.65629e-07, 7.54047e-07, 1.20576e-06, 1.90424e-06, 2.97082e-06, 4.57943e-06, 6.97611e-06, 1.05041e-05, 1.56361e-05, 2.30138e-05, 3.34973e-05, 4.82235e-05, 6.86748e-05, 0.999782, 
0, 0, 0, 0, 0, 0, 0, 0, 0, 0, 0, 0, 0, 0, 0, 0, 0, 0, 0, 0, 0, 0, 0, 0, 0, 0, 0, 0, 0, 0, 0, 0, 0, 0, 0, 0, 0, 0, 0, 0, 7.48084e-32, 2.99234e-30, 6.13429e-29, 8.58801e-28, 9.23211e-27, 8.12425e-26, 6.09316e-25, 4.00398e-24, 2.35216e-23, 1.25427e-22, 6.14393e-22, 2.79112e-21, 1.18517e-20, 4.73442e-20, 1.78897e-19, 6.42399e-19, 2.20091e-18, 7.21933e-18, 2.27404e-17, 6.89697e-17, 2.01882e-16, 5.71506e-16, 1.56762e-15, 4.17338e-15, 1.07998e-14, 2.72034e-14, 6.67804e-14, 1.59951e-13, 3.74189e-13, 8.55803e-13, 1.91521e-12, 4.19732e-12, 9.01497e-12, 1.89887e-11, 3.92506e-11, 7.96666e-11, 1.58865e-10, 3.11408e-10, 6.00333e-10, 1.13871e-09, 2.12609e-09, 3.90906e-09, 7.08025e-09, 1.26376e-08, 2.22367e-08, 3.85835e-08, 6.60373e-08, 1.11521e-07, 1.85874e-07, 3.05836e-07, 4.96903e-07, 7.97381e-07, 1.26406e-06, 1.97999e-06, 3.06507e-06, 4.69008e-06, 7.09513e-06, 1.06134e-05, 1.57011e-05, 2.29752e-05, 0.999932, 
0, 0, 0, 0, 0, 0, 0, 0, 0, 0, 0, 0, 0, 0, 0, 0, 0, 0, 0, 0, 0, 0, 0, 0, 0, 0, 0, 0, 0, 0, 0, 0, 0, 0, 0, 0, 0, 0, 0, 0, 0, 1.24681e-32, 5.11191e-31, 1.0735e-29, 1.53868e-28, 1.69255e-27, 1.5233e-26, 1.16786e-25, 7.84115e-25, 4.70437e-24, 2.56088e-23, 1.28006e-22, 5.9318e-22, 2.56837e-21, 1.04584e-20, 4.02707e-20, 1.47316e-19, 5.14032e-19, 1.71679e-18, 5.50488e-18, 1.69919e-17, 5.06091e-17, 1.45753e-16, 4.06657e-16, 1.10102e-15, 2.8972e-15, 7.4196e-15, 1.8516e-14, 4.50793e-14, 1.07183e-13, 2.49121e-13, 5.66523e-13, 1.26154e-12, 2.75291e-12, 5.89103e-12, 1.23704e-11, 2.55056e-11, 5.16639e-11, 1.02866e-10, 2.01419e-10, 3.88039e-10, 7.35847e-10, 1.37408e-09, 2.52764e-09, 4.58202e-09, 8.18808e-09, 1.44289e-08, 2.50807e-08, 4.3016e-08, 7.2815e-08, 1.21681e-07, 2.00793e-07, 3.27259e-07, 5.26928e-07, 8.38339e-07, 1.3182e-06, 2.04891e-06, 3.14862e-06, 4.78462e-06, 7.1908e-06, 0.99998, 
0, 0, 0, 0, 0, 0, 0, 0, 0, 0, 0, 0, 0, 0, 0, 0, 0, 0, 0, 0, 0, 0, 0, 0, 0, 0, 0, 0, 0, 0, 0, 0, 0, 0, 0, 0, 0, 0, 0, 0, 0, 0, 2.07801e-33, 8.72765e-32, 1.87644e-30, 2.75212e-29, 3.09613e-28, 2.84844e-27, 2.23127e-26, 1.52998e-25, 9.37059e-25, 5.20517e-24, 2.65392e-23, 1.254e-22, 5.53441e-22, 2.29638e-21, 9.00737e-21, 3.35558e-20, 1.19207e-19, 4.05239e-19, 1.32229e-18, 4.15254e-18, 1.25807e-17, 3.68483e-17, 1.04539e-16, 2.87756e-16, 7.69704e-16, 2.00347e-15, 5.08104e-15, 1.257e-14, 3.0366e-14, 7.17027e-14, 1.6564e-13, 3.74661e-13, 8.30392e-13, 1.80472e-12, 3.84859e-12, 8.058e-12, 1.65742e-11, 3.35082e-11, 6.66192e-11, 1.30311e-10, 2.5089e-10, 4.75652e-10, 8.88315e-10, 1.63484e-09, 2.96595e-09, 5.30609e-09, 9.36358e-09, 1.63039e-08, 2.80185e-08, 4.7535e-08, 7.96358e-08, 1.31774e-07, 2.15415e-07, 3.47969e-07, 5.55534e-07, 8.76739e-07, 1.36804e-06, 2.11094e-06, 0.999995, 
0, 0, 0, 0, 0, 0, 0, 0, 0, 0, 0, 0, 0, 0, 0, 0, 0, 0, 0, 0, 0, 0, 0, 0, 0, 0, 0, 0, 0, 0, 0, 0, 0, 0, 0, 0, 0, 0, 0, 0, 0, 0, 0, 3.46335e-34, 1.48924e-32, 3.27633e-31, 4.9145e-30, 5.65167e-29, 5.31257e-28, 4.25004e-27, 2.97498e-26, 1.85926e-25, 1.05345e-24, 5.4766e-24, 2.63761e-23, 1.18613e-22, 5.01317e-22, 2.00239e-21, 7.59416e-21, 2.74575e-20, 9.49765e-20, 3.15266e-19, 1.00697e-18, 3.10225e-18, 9.23804e-18, 2.66413e-17, 7.4533e-17, 2.02597e-16, 5.35817e-16, 1.38056e-15, 3.46941e-15, 8.51299e-15, 2.04155e-14, 4.78939e-14, 1.10003e-13, 2.47555e-13, 5.46247e-13, 1.18262e-12, 2.51367e-12, 5.24843e-12, 1.07707e-11, 2.17355e-11, 4.31531e-11, 8.43267e-11, 1.62259e-10, 3.07549e-10, 5.74438e-10, 1.05766e-09, 1.92029e-09, 3.43907e-09, 6.07711e-09, 1.05988e-08, 1.82488e-08, 3.10271e-08, 5.21051e-08, 8.64471e-08, 1.41725e-07, 2.29644e-07, 3.67845e-07, 5.82579e-07, 1, 
0, 0, 0, 0, 0, 0, 0, 0, 0, 0, 0, 0, 0, 0, 0, 0, 0, 0, 0, 0, 0, 0, 0, 0, 0, 0, 0, 0, 0, 0, 0, 0, 0, 0, 0, 0, 0, 0, 0, 0, 0, 0, 0, 0, 5.77226e-35, 2.53979e-33, 5.71453e-32, 8.76228e-31, 1.02957e-29, 9.88386e-29, 8.07179e-28, 5.76547e-27, 3.67531e-26, 2.12327e-25, 1.12508e-24, 5.52102e-24, 2.52891e-23, 1.08837e-22, 4.42537e-22, 1.70805e-21, 6.28339e-21, 2.21084e-20, 7.4633e-20, 2.42378e-19, 7.59086e-19, 2.29749e-18, 6.73314e-18, 1.91395e-17, 5.2853e-17, 1.41988e-16, 3.71564e-16, 9.4826e-16, 2.36265e-15, 5.75281e-15, 1.37014e-14, 3.1946e-14, 7.29751e-14, 1.63438e-13, 3.59122e-13, 7.74664e-13, 1.64142e-12, 3.4182e-12, 6.99953e-12, 1.41007e-11, 2.7958e-11, 5.45822e-11, 1.04966e-10, 1.9891e-10, 3.71564e-10, 6.84421e-10, 1.24354e-09, 2.22935e-09, 3.94456e-09, 6.8903e-09, 1.18852e-08, 2.02494e-08, 3.4084e-08, 5.6692e-08, 9.31995e-08, 1.51465e-07, 1, 
0, 0, 0, 0, 0, 0, 0, 0, 0, 0, 0, 0, 0, 0, 0, 0, 0, 0, 0, 0, 0, 0, 0, 0, 0, 0, 0, 0, 0, 0, 0, 0, 0, 0, 0, 0, 0, 0, 0, 0, 0, 0, 0, 0, 0, 9.62043e-36, 4.32919e-34, 9.95714e-33, 1.55995e-31, 1.87194e-30, 1.8345e-29, 1.52875e-28, 1.11379e-27, 7.23929e-27, 4.2627e-26, 2.30139e-25, 1.15029e-24, 5.36501e-24, 2.35035e-23, 9.72536e-23, 3.81894e-22, 1.42894e-21, 5.11275e-21, 1.75474e-20, 5.79256e-20, 1.84366e-19, 5.66997e-19, 1.68814e-18, 4.87437e-18, 1.36708e-17, 3.7295e-17, 9.90959e-17, 2.56756e-16, 6.4941e-16, 1.60502e-15, 3.87977e-15, 9.18044e-15, 2.1281e-14, 4.83627e-14, 1.07823e-13, 2.35974e-13, 5.07261e-13, 1.07164e-12, 2.22606e-12, 4.54894e-12, 9.14875e-12, 1.81167e-11, 3.53374e-11, 6.79194e-11, 1.2868e-10, 2.404e-10, 4.42998e-10, 8.0546e-10, 1.44539e-09, 2.56062e-09, 4.47957e-09, 7.74039e-09, 1.32138e-08, 2.22909e-08, 3.71667e-08, 1, 
0, 0, 0, 0, 0, 0, 0, 0, 0, 0, 0, 0, 0, 0, 0, 0, 0, 0, 0, 0, 0, 0, 0, 0, 0, 0, 0, 0, 0, 0, 0, 0, 0, 0, 0, 0, 0, 0, 0, 0, 0, 0, 0, 0, 0, 0, 1.6034e-36, 7.37566e-35, 1.73328e-33, 2.77325e-32, 3.39723e-31, 3.39723e-30, 2.88764e-29, 2.14507e-28, 1.42105e-27, 8.52553e-27, 4.68818e-26, 2.38594e-25, 1.13274e-24, 5.04981e-24, 2.12575e-23, 8.48994e-23, 3.23017e-22, 1.17495e-21, 4.09862e-21, 1.3749e-20, 4.44605e-20, 1.38896e-19, 4.20015e-19, 1.23156e-18, 3.50709e-18, 9.71328e-18, 2.61985e-17, 6.88968e-17, 1.7685e-16, 4.43542e-16, 1.08789e-15, 2.61175e-15, 6.14207e-15, 1.41597e-14, 3.20219e-14, 7.10835e-14, 1.5498e-13, 3.32056e-13, 6.9952e-13, 1.44962e-12, 2.95644e-12, 5.93656e-12, 1.17416e-11, 2.28829e-11, 4.39586e-11, 8.32671e-11, 1.55575e-10, 2.86799e-10, 5.21808e-10, 9.37259e-10, 1.66241e-09, 2.9124e-09, 5.04087e-09, 8.62178e-09, 1, 
0, 0, 0, 0, 0, 0, 0, 0, 0, 0, 0, 0, 0, 0, 0, 0, 0, 0, 0, 0, 0, 0, 0, 0, 0, 0, 0, 0, 0, 0, 0, 0, 0, 0, 0, 0, 0, 0, 0, 0, 0, 0, 0, 0, 0, 0, 0, 2.67234e-37, 1.256e-35, 3.0144e-34, 4.92352e-33, 6.1544e-32, 6.27749e-31, 5.44048e-30, 4.11917e-29, 2.78034e-28, 1.69895e-27, 9.51252e-27, 4.92777e-26, 2.38062e-25, 1.07966e-24, 4.62235e-24, 1.87708e-23, 7.25993e-23, 2.68385e-22, 9.51299e-22, 3.24195e-21, 1.06485e-20, 3.37837e-20, 1.03732e-19, 3.08796e-19, 8.92629e-19, 2.50922e-18, 6.86823e-18, 1.83279e-17, 4.77329e-17, 1.21451e-16, 3.02182e-16, 7.35855e-16, 1.75517e-15, 4.10364e-15, 9.41115e-15, 2.11845e-14, 4.68332e-14, 1.01741e-13, 2.17304e-13, 4.56546e-13, 9.43949e-13, 1.92153e-12, 3.85263e-12, 7.6111e-12, 1.48209e-11, 2.84572e-11, 5.38937e-11, 1.00704e-10, 1.85715e-10, 3.38111e-10, 6.07853e-10, 1.07938e-09, 1.89359e-09, 1, 
0, 0, 0, 0, 0, 0, 0, 0, 0, 0, 0, 0, 0, 0, 0, 0, 0, 0, 0, 0, 0, 0, 0, 0, 0, 0, 0, 0, 0, 0, 0, 0, 0, 0, 0, 0, 0, 0, 0, 0, 0, 0, 0, 0, 0, 0, 0, 0, 4.4539e-38, 2.13787e-36, 5.23779e-35, 8.72965e-34, 1.11303e-32, 1.15755e-31, 1.0225e-30, 7.88778e-30, 5.42267e-29, 3.37384e-28, 1.92279e-27, 1.01356e-26, 4.98118e-26, 2.29748e-25, 1.00009e-24, 4.12828e-24, 1.62266e-23, 6.09491e-23, 2.19459e-22, 7.59605e-22, 2.53358e-21, 8.16108e-21, 2.54377e-20, 7.6859e-20, 2.25472e-19, 6.43134e-19, 1.78607e-18, 4.83508e-18, 1.27733e-17, 3.29637e-17, 8.31786e-17, 2.05403e-16, 4.96786e-16, 1.17767e-15, 2.73824e-15, 6.24874e-15, 1.40039e-14, 3.08381e-14, 6.67628e-14, 1.4217e-13, 2.97926e-13, 6.1465e-13, 1.24895e-12, 2.50051e-12, 4.93445e-12, 9.60122e-12, 1.84262e-11, 3.48899e-11, 6.52004e-11, 1.20284e-10, 2.19122e-10, 3.94276e-10, 1, 
0, 0, 0, 0, 0, 0, 0, 0, 0, 0, 0, 0, 0, 0, 0, 0, 0, 0, 0, 0, 0, 0, 0, 0, 0, 0, 0, 0, 0, 0, 0, 0, 0, 0, 0, 0, 0, 0, 0, 0, 0, 0, 0, 0, 0, 0, 0, 0, 0, 7.42317e-39, 3.63735e-37, 9.09338e-36, 1.54587e-34, 2.00964e-33, 2.13022e-32, 1.91719e-31, 1.50635e-30, 1.05441e-29, 6.67747e-29, 3.87239e-28, 2.07649e-27, 1.03783e-26, 4.86684e-26, 2.15342e-25, 9.03333e-25, 3.60744e-24, 1.37639e-23, 5.03322e-23, 1.76895e-22, 5.98992e-22, 1.95848e-21, 6.1954e-21, 1.89951e-20, 5.65371e-20, 1.636e-19, 4.60855e-19, 1.26534e-18, 3.38998e-18, 8.87112e-18, 2.26966e-17, 5.68233e-17, 1.39323e-16, 3.34796e-16, 7.8904e-16, 1.825e-15, 4.14513e-15, 9.25057e-15, 2.02949e-14, 4.37936e-14, 9.29916e-14, 1.94392e-13, 4.00216e-13, 8.11828e-13, 1.62311e-12, 3.19962e-12, 6.22099e-12, 1.19335e-11, 2.25921e-11, 4.22227e-11, 7.79206e-11, 1, 
0, 0, 0, 0, 0, 0, 0, 0, 0, 0, 0, 0, 0, 0, 0, 0, 0, 0, 0, 0, 0, 0, 0, 0, 0, 0, 0, 0, 0, 0, 0, 0, 0, 0, 0, 0, 0, 0, 0, 0, 0, 0, 0, 0, 0, 0, 0, 0, 0, 0, 1.2372e-39, 6.18597e-38, 1.57742e-36, 2.7342e-35, 3.62282e-34, 3.91264e-33, 3.58658e-32, 2.86924e-31, 2.04428e-30, 1.31734e-29, 7.77128e-29, 4.23791e-28, 2.15347e-27, 1.02646e-26, 4.61531e-26, 1.96697e-25, 7.97873e-25, 3.09152e-24, 1.14785e-23, 4.09528e-23, 1.40749e-22, 4.67012e-22, 1.49898e-21, 4.66253e-21, 1.4077e-20, 4.13141e-20, 1.18023e-19, 3.28587e-19, 8.92552e-19, 2.36791e-18, 6.14126e-18, 1.55845e-17, 3.87283e-17, 9.43167e-17, 2.25258e-16, 5.27947e-16, 1.21502e-15, 2.74731e-15, 6.10657e-15, 1.33497e-14, 2.87168e-14, 6.08113e-14, 1.26823e-13, 2.60586e-13, 5.27722e-13, 1.05369e-12, 2.07503e-12, 4.03155e-12, 7.7302e-12, 1.4632e-11, 1, 
0, 0, 0, 0, 0, 0, 0, 0, 0, 0, 0, 0, 0, 0, 0, 0, 0, 0, 0, 0, 0, 0, 0, 0, 0, 0, 0, 0, 0, 0, 0, 0, 0, 0, 0, 0, 0, 0, 0, 0, 0, 0, 0, 0, 0, 0, 0, 0, 0, 0, 0, 2.062e-40, 1.05162e-38, 2.7342e-37, 4.83042e-36, 6.52107e-35, 7.17317e-34, 6.69495e-33, 5.45156e-32, 3.95228e-31, 2.59078e-30, 1.55429e-29, 8.61741e-29, 4.4508e-28, 2.1558e-27, 9.84765e-27, 4.26284e-26, 1.75594e-25, 6.90777e-25, 2.6035e-24, 9.42726e-24, 3.28777e-23, 1.1068e-22, 3.60377e-22, 1.13695e-21, 3.4812e-21, 1.03601e-20, 3.00072e-20, 8.46939e-20, 2.33203e-19, 6.27077e-19, 1.64827e-18, 4.23881e-18, 1.06739e-17, 2.63385e-17, 6.37329e-17, 1.51329e-16, 3.52809e-16, 8.08097e-16, 1.8194e-15, 4.02864e-15, 8.77723e-15, 1.88245e-14, 3.97591e-14, 8.27322e-14, 1.69668e-13, 3.43058e-13, 6.8411e-13, 1.3459e-12, 2.61313e-12, 1, 
0, 0, 0, 0, 0, 0, 0, 0, 0, 0, 0, 0, 0, 0, 0, 0, 0, 0, 0, 0, 0, 0, 0, 0, 0, 0, 0, 0, 0, 0, 0, 0, 0, 0, 0, 0, 0, 0, 0, 0, 0, 0, 0, 0, 0, 0, 0, 0, 0, 0, 0, 0, 3.43668e-41, 1.78706e-39, 4.73571e-38, 8.52427e-37, 1.17209e-35, 1.31274e-34, 1.2471e-33, 1.0333e-32, 7.62043e-32, 5.08001e-31, 3.09847e-30, 1.74607e-29, 9.16397e-29, 4.50931e-28, 2.09214e-27, 9.19643e-27, 3.84596e-26, 1.53575e-25, 5.87417e-25, 2.15827e-24, 7.63625e-24, 2.60759e-23, 8.61094e-23, 2.75486e-22, 8.55252e-22, 2.58036e-21, 7.57608e-21, 2.16733e-20, 6.04803e-20, 1.64804e-19, 4.38936e-19, 1.14368e-18, 2.91765e-18, 7.29329e-18, 1.78766e-17, 4.29936e-17, 1.0152e-16, 2.35497e-16, 5.36952e-16, 1.204e-15, 2.65625e-15, 5.76844e-15, 1.23362e-14, 2.59902e-14, 5.3965e-14, 1.1047e-13, 2.23025e-13, 4.44205e-13, 1, 
0, 0, 0, 0, 0, 0, 0, 0, 0, 0, 0, 0, 0, 0, 0, 0, 0, 0, 0, 0, 0, 0, 0, 0, 0, 0, 0, 0, 0, 0, 0, 0, 0, 0, 0, 0, 0, 0, 0, 0, 0, 0, 0, 0, 0, 0, 0, 0, 0, 0, 0, 0, 0, 5.72851e-42, 3.03572e-40, 8.19642e-39, 1.50268e-37, 2.10375e-36, 2.39827e-35, 2.31833e-34, 1.954e-33, 1.46547e-32, 9.93214e-32, 6.15731e-31, 3.52582e-30, 1.87989e-29, 9.39523e-29, 4.4263e-28, 1.97528e-27, 8.38469e-27, 3.39776e-26, 1.31865e-25, 4.91501e-25, 1.76386e-24, 6.1083e-24, 2.04535e-23, 6.63422e-23, 2.08786e-22, 6.38486e-22, 1.89989e-21, 5.50776e-21, 1.55735e-20, 4.29948e-20, 1.16008e-19, 3.06191e-19, 7.91204e-19, 2.00314e-18, 4.97249e-18, 1.21106e-17, 2.89575e-17, 6.80164e-17, 1.57022e-16, 3.56473e-16, 7.96203e-16, 1.75044e-15, 3.78955e-15, 8.082e-15, 1.69867e-14, 3.51977e-14, 7.19259e-14, 1, 
0, 0, 0, 0, 0, 0, 0, 0, 0, 0, 0, 0, 0, 0, 0, 0, 0, 0, 0, 0, 0, 0, 0, 0, 0, 0, 0, 0, 0, 0, 0, 0, 0, 0, 0, 0, 0, 0, 0, 0, 0, 0, 0, 0, 0, 0, 0, 0, 0, 0, 0, 0, 0, 0, 9.54284e-43, 5.15496e-41, 1.41762e-39, 2.64622e-38, 3.77087e-37, 4.37421e-36, 4.3013e-35, 3.6868e-34, 2.81113e-33, 1.93647e-32, 1.21986e-31, 7.0962e-31, 3.84273e-30, 1.95011e-29, 9.32703e-29, 4.22468e-28, 1.81981e-27, 7.48215e-27, 2.94565e-26, 1.11358e-25, 4.05261e-25, 1.42298e-24, 4.8305e-24, 1.58819e-23, 5.06576e-23, 1.5699e-22, 4.73345e-22, 1.39029e-21, 3.98246e-21, 1.11372e-20, 3.04371e-20, 8.13625e-20, 2.12913e-19, 5.45852e-19, 1.372e-18, 3.38328e-18, 8.1902e-18, 1.94752e-17, 4.55137e-17, 1.04592e-16, 2.36464e-16, 5.26186e-16, 1.15295e-15, 2.48861e-15, 5.29356e-15, 1.11004e-14, 1, 
0, 0, 0, 0, 0, 0, 0, 0, 0, 0, 0, 0, 0, 0, 0, 0, 0, 0, 0, 0, 0, 0, 0, 0, 0, 0, 0, 0, 0, 0, 0, 0, 0, 0, 0, 0, 0, 0, 0, 0, 0, 0, 0, 0, 0, 0, 0, 0, 0, 0, 0, 0, 0, 0, 0, 1.59748e-43, 8.75111e-42, 2.45021e-40, 4.65539e-39, 6.75032e-38, 7.96538e-37, 7.96537e-36, 6.94121e-35, 5.37934e-34, 3.76538e-33, 2.40963e-32, 1.42366e-31, 7.82813e-31, 4.03294e-30, 1.95775e-29, 8.99856e-29, 3.93268e-28, 1.64017e-27, 6.54896e-27, 2.51053e-26, 9.26332e-26, 3.29727e-25, 1.13451e-24, 3.78024e-24, 1.22183e-23, 3.83647e-23, 1.17188e-22, 3.48665e-22, 1.0116e-21, 2.86516e-21, 7.92957e-21, 2.14638e-20, 5.68705e-20, 1.47614e-19, 3.75618e-19, 9.37641e-19, 2.2976e-18, 5.52991e-18, 1.308e-17, 3.04211e-17, 6.9603e-17, 1.56737e-16, 3.4753e-16, 7.59054e-16, 1.63373e-15, 1, 
0, 0, 0, 0, 0, 0, 0, 0, 0, 0, 0, 0, 0, 0, 0, 0, 0, 0, 0, 0, 0, 0, 0, 0, 0, 0, 0, 0, 0, 0, 0, 0, 0, 0, 0, 0, 0, 0, 0, 0, 0, 0, 0, 0, 0, 0, 0, 0, 0, 0, 0, 0, 0, 0, 0, 0, 2.66247e-44, 1.48538e-42, 4.2322e-41, 8.18221e-40, 1.20688e-38, 1.44825e-37, 1.47239e-36, 1.30411e-35, 1.02697e-34, 7.30259e-34, 4.7463e-33, 2.84738e-32, 1.58941e-31, 8.31086e-31, 4.09392e-30, 1.90909e-29, 8.46315e-29, 3.5797e-28, 1.44933e-27, 5.63288e-27, 2.10685e-26, 7.60079e-26, 2.65027e-25, 8.94793e-25, 2.93008e-24, 9.32001e-24, 2.88359e-23, 8.68918e-23, 2.55303e-22, 7.32199e-22, 2.05176e-21, 5.62267e-21, 1.50815e-20, 3.96258e-20, 1.0206e-19, 2.57856e-19, 6.39468e-19, 1.55754e-18, 3.72807e-18, 8.77365e-18, 2.03116e-17, 4.62781e-17, 1.03817e-16, 2.29404e-16, 1, 
0, 0, 0, 0, 0, 0, 0, 0, 0, 0, 0, 0, 0, 0, 0, 0, 0, 0, 0, 0, 0, 0, 0, 0, 0, 0, 0, 0, 0, 0, 0, 0, 0, 0, 0, 0, 0, 0, 0, 0, 0, 0, 0, 0, 0, 0, 0, 0, 0, 0, 0, 0, 0, 0, 0, 0, 0, 4.2039e-45, 2.52234e-43, 7.30637e-42, 1.43677e-40, 2.15514e-39, 2.62926e-38, 2.7169e-37, 2.4452e-36, 1.95613e-35, 1.41271e-34, 9.32319e-34, 5.67792e-33, 3.21679e-32, 1.7068e-31, 8.52983e-31, 4.03468e-30, 1.81391e-29, 7.77961e-29, 3.19325e-28, 1.258e-27, 4.76873e-27, 1.74335e-26, 6.15905e-26, 2.10663e-25, 6.98768e-25, 2.25116e-24, 7.05364e-24, 2.15229e-23, 6.40293e-23, 1.85913e-22, 5.27385e-22, 1.46294e-21, 3.97173e-21, 1.05615e-20, 2.7529e-20, 7.0383e-20, 1.76619e-19, 4.35272e-19, 1.0541e-18, 2.50978e-18, 5.87802e-18, 1.35481e-17, 3.07443e-17, 1, 
0, 0, 0, 0, 0, 0, 0, 0, 0, 0, 0, 0, 0, 0, 0, 0, 0, 0, 0, 0, 0, 0, 0, 0, 0, 0, 0, 0, 0, 0, 0, 0, 0, 0, 0, 0, 0, 0, 0, 0, 0, 0, 0, 0, 0, 0, 0, 0, 0, 0, 0, 0, 0, 0, 0, 0, 0, 0, 1.4013e-45, 4.34403e-44, 1.26117e-42, 2.5208e-41, 3.84397e-40, 4.7665e-39, 5.00482e-38, 4.57582e-37, 3.7178e-36, 2.72629e-35, 1.82649e-34, 1.12896e-33, 6.49023e-33, 3.49365e-32, 1.77097e-31, 8.49519e-31, 3.87255e-30, 1.68376e-29, 7.00531e-29, 2.79691e-28, 1.07434e-27, 3.97926e-27, 1.42413e-26, 4.93389e-26, 1.65747e-25, 5.40731e-25, 1.71554e-24, 5.29979e-24, 1.59611e-23, 4.69115e-23, 1.34693e-22, 3.78141e-22, 1.03892e-21, 2.79559e-21, 7.37309e-21, 1.90726e-20, 4.84212e-20, 1.20723e-19, 2.95745e-19, 7.1228e-19, 1.68736e-18, 3.93364e-18, 1, 
0, 0, 0, 0, 0, 0, 0, 0, 0, 0, 0, 0, 0, 0, 0, 0, 0, 0, 0, 0, 0, 0, 0, 0, 0, 0, 0, 0, 0, 0, 0, 0, 0, 0, 0, 0, 0, 0, 0, 0, 0, 0, 0, 0, 0, 0, 0, 0, 0, 0, 0, 0, 0, 0, 0, 0, 0, 0, 0, 0, 7.00649e-45, 2.17201e-43, 4.41829e-42, 6.84843e-41, 8.62901e-40, 9.20427e-39, 8.54679e-38, 7.05101e-37, 5.24892e-36, 3.56904e-35, 2.2385e-34, 1.30555e-33, 7.12822e-33, 3.66438e-32, 1.78226e-31, 8.23621e-31, 3.6297e-30, 1.53041e-29, 6.19136e-29, 2.4094e-28, 9.04008e-28, 3.27692e-27, 1.14973e-26, 3.91101e-26, 1.29185e-25, 4.1493e-25, 1.29757e-24, 3.95537e-24, 1.17657e-23, 3.41869e-23, 9.71203e-23, 2.69988e-22, 7.35036e-22, 1.96122e-21, 5.13217e-21, 1.31799e-20, 3.32374e-20, 8.2355e-20, 2.00603e-19, 4.80601e-19, 1, 
0, 0, 0, 0, 0, 0, 0, 0, 0, 0, 0, 0, 0, 0, 0, 0, 0, 0, 0, 0, 0, 0, 0, 0, 0, 0, 0, 0, 0, 0, 0, 0, 0, 0, 0, 0, 0, 0, 0, 0, 0, 0, 0, 0, 0, 0, 0, 0, 0, 0, 0, 0, 0, 0, 0, 0, 0, 0, 0, 0, 0, 1.4013e-45, 3.78351e-44, 7.74918e-43, 1.21885e-41, 1.56005e-40, 1.69005e-39, 1.59347e-38, 1.33451e-37, 1.00827e-36, 6.95666e-36, 4.42649e-35, 2.61855e-34, 1.44988e-33, 7.55706e-33, 3.72605e-32, 1.74525e-31, 7.79438e-31, 3.32991e-30, 1.36476e-29, 5.37983e-29, 2.04437e-28, 7.50452e-28, 2.66606e-27, 9.18185e-27, 3.07024e-26, 9.98173e-26, 3.15928e-25, 9.7461e-25, 2.93365e-24, 8.62495e-24, 2.47901e-23, 6.97189e-23, 1.92009e-22, 5.1822e-22, 1.37162e-21, 3.56258e-21, 9.08595e-21, 2.27668e-20, 5.6078e-20, 1, 
0, 0, 0, 0, 0, 0, 0, 0, 0, 0, 0, 0, 0, 0, 0, 0, 0, 0, 0, 0, 0, 0, 0, 0, 0, 0, 0, 0, 0, 0, 0, 0, 0, 0, 0, 0, 0, 0, 0, 0, 0, 0, 0, 0, 0, 0, 0, 0, 0, 0, 0, 0, 0, 0, 0, 0, 0, 0, 0, 0, 0, 0, 0, 7.00649e-45, 1.35926e-43, 2.16781e-42, 2.81689e-41, 3.09844e-40, 2.96563e-39, 2.52075e-38, 1.93252e-37, 1.35269e-36, 8.73015e-36, 5.23723e-35, 2.94016e-34, 1.5535e-33, 7.76342e-33, 3.68497e-32, 1.66749e-31, 7.2169e-31, 2.99606e-30, 1.19612e-29, 4.60277e-29, 1.71074e-28, 6.15287e-28, 2.14504e-27, 7.25984e-27, 2.38871e-26, 7.65076e-26, 2.38818e-25, 7.27315e-25, 2.16328e-24, 6.28985e-24, 1.7893e-23, 4.98418e-23, 1.36049e-22, 3.64164e-22, 9.56489e-22, 2.46668e-21, 6.24953e-21, 1, 
0, 0, 0, 0, 0, 0, 0, 0, 0, 0, 0, 0, 0, 0, 0, 0, 0, 0, 0, 0, 0, 0, 0, 0, 0, 0, 0, 0, 0, 0, 0, 0, 0, 0, 0, 0, 0, 0, 0, 0, 0, 0, 0, 0, 0, 0, 0, 0, 0, 0, 0, 0, 0, 0, 0, 0, 0, 0, 0, 0, 0, 0, 0, 0, 1.4013e-45, 2.38221e-44, 3.85357e-43, 5.07971e-42, 5.67204e-41, 5.50992e-40, 4.75224e-39, 3.6961e-38, 2.62409e-37, 1.71743e-36, 1.04461e-35, 5.94483e-35, 3.18361e-34, 1.61223e-33, 7.75362e-33, 3.55436e-32, 1.55817e-31, 6.5511e-31, 2.64838e-30, 1.03184e-29, 3.88246e-29, 1.41345e-28, 4.98731e-28, 1.7082e-27, 5.68739e-27, 1.8431e-26, 5.82054e-26, 1.79322e-25, 5.39511e-25, 1.58661e-24, 4.5648e-24, 1.2859e-23, 3.54941e-23, 9.60669e-23, 2.55121e-22, 6.65187e-22, 1, 
0, 0, 0, 0, 0, 0, 0, 0, 0, 0, 0, 0, 0, 0, 0, 0, 0, 0, 0, 0, 0, 0, 0, 0, 0, 0, 0, 0, 0, 0, 0, 0, 0, 0, 0, 0, 0, 0, 0, 0, 0, 0, 0, 0, 0, 0, 0, 0, 0, 0, 0, 0, 0, 0, 0, 0, 0, 0, 0, 0, 0, 0, 0, 0, 0, 0, 4.2039e-45, 6.86636e-44, 9.15048e-43, 1.03682e-41, 1.02201e-40, 8.94241e-40, 7.0544e-39, 5.07892e-38, 3.37027e-37, 2.07803e-36, 1.1986e-35, 6.50454e-35, 3.33745e-34, 1.62597e-33, 7.54962e-33, 3.35173e-32, 1.42692e-31, 5.84036e-31, 2.3035e-30, 8.77297e-30, 3.23245e-29, 1.1542e-28, 4.00012e-28, 1.34747e-27, 4.41758e-27, 1.4112e-26, 4.39755e-26, 1.33811e-25, 3.97961e-25, 1.15781e-24, 3.29791e-24, 9.2039e-24, 2.51852e-23, 6.76155e-23, 1, 
0, 0, 0, 0, 0, 0, 0, 0, 0, 0, 0, 0, 0, 0, 0, 0, 0, 0, 0, 0, 0, 0, 0, 0, 0, 0, 0, 0, 0, 0, 0, 0, 0, 0, 0, 0, 0, 0, 0, 0, 0, 0, 0, 0, 0, 0, 0, 0, 0, 0, 0, 0, 0, 0, 0, 0, 0, 0, 0, 0, 0, 0, 0, 0, 0, 0, 0, 1.4013e-45, 1.26117e-44, 1.65353e-43, 1.89315e-42, 1.89273e-41, 1.67968e-40, 1.3437e-39, 9.80856e-39, 6.59795e-38, 4.12317e-37, 2.40996e-36, 1.32507e-35, 6.88736e-35, 3.3986e-34, 1.59807e-33, 7.18395e-33, 3.0964e-32, 1.28293e-31, 5.12153e-31, 1.97404e-30, 7.3602e-30, 2.65913e-29, 9.32362e-29, 3.17717e-28, 1.0536e-27, 3.40414e-27, 1.0728e-26, 3.30106e-26, 9.92707e-26, 2.92015e-25, 8.4093e-25, 2.37256e-24, 6.56276e-24, 1, 
0, 0, 0, 0, 0, 0, 0, 0, 0, 0, 0, 0, 0, 0, 0, 0, 0, 0, 0, 0, 0, 0, 0, 0, 0, 0, 0, 0, 0, 0, 0, 0, 0, 0, 0, 0, 0, 0, 0, 0, 0, 0, 0, 0, 0, 0, 0, 0, 0, 0, 0, 0, 0, 0, 0, 0, 0, 0, 0, 0, 0, 0, 0, 0, 0, 0, 0, 0, 0, 2.8026e-45, 3.08286e-44, 3.46121e-43, 3.50044e-42, 3.14956e-41, 2.55445e-40, 1.8902e-39, 1.28868e-38, 8.16059e-38, 4.83263e-37, 2.69169e-36, 1.41704e-35, 7.08122e-35, 3.37147e-34, 1.5344e-33, 6.69467e-33, 2.80746e-32, 1.13422e-31, 4.42373e-31, 1.66881e-30, 6.0995e-30, 2.16337e-29, 7.45652e-29, 2.50079e-28, 8.17106e-28, 2.60388e-27, 8.10121e-27, 2.46308e-26, 7.3247e-26, 2.13226e-25, 6.08086e-25, 1, 
0, 0, 0, 0, 0, 0, 0, 0, 0, 0, 0, 0, 0, 0, 0, 0, 0, 0, 0, 0, 0, 0, 0, 0, 0, 0, 0, 0, 0, 0, 0, 0, 0, 0, 0, 0, 0, 0, 0, 0, 0, 0, 0, 0, 0, 0, 0, 0, 0, 0, 0, 0, 0, 0, 0, 0, 0, 0, 0, 0, 0, 0, 0, 0, 0, 0, 0, 0, 0, 0, 0, 5.60519e-45, 6.30584e-44, 6.45999e-43, 5.89526e-42, 4.84695e-41, 3.63504e-40, 2.51129e-39, 1.61122e-38, 9.66555e-38, 5.45265e-37, 2.90696e-36, 1.47087e-35, 7.08977e-35, 3.26618e-34, 1.44232e-33, 6.12096e-33, 2.50223e-32, 9.87392e-32, 3.76817e-31, 1.39314e-30, 4.99765e-30, 1.74205e-29, 5.90815e-29, 1.95192e-28, 6.28894e-28, 1.97808e-27, 6.0796e-27, 1.8275e-26, 5.37711e-26, 1, 
0, 0, 0, 0, 0, 0, 0, 0, 0, 0, 0, 0, 0, 0, 0, 0, 0, 0, 0, 0, 0, 0, 0, 0, 0, 0, 0, 0, 0, 0, 0, 0, 0, 0, 0, 0, 0, 0, 0, 0, 0, 0, 0, 0, 0, 0, 0, 0, 0, 0, 0, 0, 0, 0, 0, 0, 0, 0, 0, 0, 0, 0, 0, 0, 0, 0, 0, 0, 0, 0, 0, 0, 1.4013e-45, 1.26117e-44, 1.20512e-43, 1.10282e-42, 9.18131e-42, 6.9765e-41, 4.88312e-40, 3.17367e-39, 1.92828e-38, 1.10159e-37, 5.94644e-37, 3.04603e-36, 1.48619e-35, 6.92955e-35, 3.09665e-34, 1.32973e-33, 5.49963e-33, 2.19537e-32, 8.47448e-32, 3.16881e-31, 1.14958e-30, 4.05198e-30, 1.38947e-29, 4.64103e-29, 1.51163e-28, 4.80611e-28, 1.49304e-27, 4.53598e-27, 1, 
0, 0, 0, 0, 0, 0, 0, 0, 0, 0, 0, 0, 0, 0, 0, 0, 0, 0, 0, 0, 0, 0, 0, 0, 0, 0, 0, 0, 0, 0, 0, 0, 0, 0, 0, 0, 0, 0, 0, 0, 0, 0, 0, 0, 0, 0, 0, 0, 0, 0, 0, 0, 0, 0, 0, 0, 0, 0, 0, 0, 0, 0, 0, 0, 0, 0, 0, 0, 0, 0, 0, 0, 0, 0, 2.8026e-45, 2.24208e-44, 2.05991e-43, 1.73621e-42, 1.33642e-41, 9.47502e-41, 6.23693e-40, 3.83748e-39, 2.21972e-38, 1.21303e-37, 6.28963e-37, 3.10586e-36, 1.46546e-35, 6.62623e-35, 2.87866e-34, 1.20437e-33, 4.86282e-33, 1.89845e-32, 7.17864e-32, 2.63332e-31, 9.3844e-31, 3.25331e-30, 1.09847e-29, 3.61644e-29, 1.16213e-28, 3.64863e-28, 1, 
0, 0, 0, 0, 0, 0, 0, 0, 0, 0, 0, 0, 0, 0, 0, 0, 0, 0, 0, 0, 0, 0, 0, 0, 0, 0, 0, 0, 0, 0, 0, 0, 0, 0, 0, 0, 0, 0, 0, 0, 0, 0, 0, 0, 0, 0, 0, 0, 0, 0, 0, 0, 0, 0, 0, 0, 0, 0, 0, 0, 0, 0, 0, 0, 0, 0, 0, 0, 0, 0, 0, 0, 0, 0, 0, 0, 4.2039e-45, 3.92364e-44, 3.29305e-43, 2.55737e-42, 1.83486e-41, 1.22297e-40, 7.61872e-40, 4.46137e-39, 2.46782e-38, 1.29503e-37, 6.47131e-37, 3.08946e-36, 1.41325e-35, 6.21066e-35, 2.62815e-34, 1.07318e-33, 4.23674e-33, 1.61987e-32, 6.00763e-32, 2.16435e-31, 7.58453e-31, 2.58843e-30, 8.61267e-30, 2.79696e-29, 1, 
0, 0, 0, 0, 0, 0, 0, 0, 0, 0, 0, 0, 0, 0, 0, 0, 0, 0, 0, 0, 0, 0, 0, 0, 0, 0, 0, 0, 0, 0, 0, 0, 0, 0, 0, 0, 0, 0, 0, 0, 0, 0, 0, 0, 0, 0, 0, 0, 0, 0, 0, 0, 0, 0, 0, 0, 0, 0, 0, 0, 0, 0, 0, 0, 0, 0, 0, 0, 0, 0, 0, 0, 0, 0, 0, 0, 0, 1.4013e-45, 8.40779e-45, 6.30584e-44, 4.89053e-43, 3.54669e-42, 2.393e-41, 1.50907e-40, 8.94461e-40, 5.00745e-39, 2.65909e-38, 1.34443e-37, 6.49332e-37, 3.00463e-36, 1.3355e-35, 5.71534e-35, 2.35995e-34, 9.42011e-34, 3.64128e-33, 1.36516e-32, 4.97138e-32, 1.76079e-31, 6.07304e-31, 2.04204e-30, 1, 
0, 0, 0, 0, 0, 0, 0, 0, 0, 0, 0, 0, 0, 0, 0, 0, 0, 0, 0, 0, 0, 0, 0, 0, 0, 0, 0, 0, 0, 0, 0, 0, 0, 0, 0, 0, 0, 0, 0, 0, 0, 0, 0, 0, 0, 0, 0, 0, 0, 0, 0, 0, 0, 0, 0, 0, 0, 0, 0, 0, 0, 0, 0, 0, 0, 0, 0, 0, 0, 0, 0, 0, 0, 0, 0, 0, 0, 0, 0, 1.4013e-45, 1.26117e-44, 9.3887e-44, 6.85235e-43, 4.67333e-42, 2.98252e-41, 1.78901e-40, 1.01346e-39, 5.44519e-39, 2.78518e-38, 1.3607e-37, 6.36816e-37, 2.8625e-36, 1.23872e-35, 5.17153e-35, 2.08695e-34, 8.15466e-34, 3.09024e-33, 1.13736e-32, 4.07106e-32, 1.41889e-31, 1, 
0, 0, 0, 0, 0, 0, 0, 0, 0, 0, 0, 0, 0, 0, 0, 0, 0, 0, 0, 0, 0, 0, 0, 0, 0, 0, 0, 0, 0, 0, 0, 0, 0, 0, 0, 0, 0, 0, 0, 0, 0, 0, 0, 0, 0, 0, 0, 0, 0, 0, 0, 0, 0, 0, 0, 0, 0, 0, 0, 0, 0, 0, 0, 0, 0, 0, 0, 0, 0, 0, 0, 0, 0, 0, 0, 0, 0, 0, 0, 0, 0, 2.8026e-45, 1.82169e-44, 1.33123e-43, 9.12245e-43, 5.88265e-42, 3.56995e-41, 2.04608e-40, 1.11213e-39, 5.75397e-39, 2.84315e-38, 1.34563e-37, 6.11616e-37, 2.67598e-36, 1.12943e-35, 4.60721e-35, 1.8196e-34, 6.96894e-34, 2.59202e-33, 9.37506e-33, 1, 
0, 0, 0, 0, 0, 0, 0, 0, 0, 0, 0, 0, 0, 0, 0, 0, 0, 0, 0, 0, 0, 0, 0, 0, 0, 0, 0, 0, 0, 0, 0, 0, 0, 0, 0, 0, 0, 0, 0, 0, 0, 0, 0, 0, 0, 0, 0, 0, 0, 0, 0, 0, 0, 0, 0, 0, 0, 0, 0, 0, 0, 0, 0, 0, 0, 0, 0, 0, 0, 0, 0, 0, 0, 0, 0, 0, 0, 0, 0, 0, 0, 0, 0, 2.8026e-45, 2.52234e-44, 1.77965e-43, 1.15887e-42, 7.10879e-42, 4.12108e-41, 2.26562e-40, 1.18553e-39, 5.92397e-39, 2.83501e-38, 1.3028e-37, 5.76243e-37, 2.45844e-36, 1.01362e-35, 4.04582e-35, 1.56585e-34, 5.88487e-34, 1, 
0, 0, 0, 0, 0, 0, 0, 0, 0, 0, 0, 0, 0, 0, 0, 0, 0, 0, 0, 0, 0, 0, 0, 0, 0, 0, 0, 0, 0, 0, 0, 0, 0, 0, 0, 0, 0, 0, 0, 0, 0, 0, 0, 0, 0, 0, 0, 0, 0, 0, 0, 0, 0, 0, 0, 0, 0, 0, 0, 0, 0, 0, 0, 0, 0, 0, 0, 0, 0, 0, 0, 0, 0, 0, 0, 0, 0, 0, 0, 0, 0, 0, 0, 0, 0, 4.2039e-45, 3.36312e-44, 2.2701e-43, 1.41251e-42, 8.28167e-42, 4.60425e-41, 2.43627e-40, 1.23093e-39, 5.95574e-39, 2.76679e-38, 1.23702e-37, 5.33404e-37, 2.22257e-36, 8.96461e-36, 3.50573e-35, 1, 
0, 0, 0, 0, 0, 0, 0, 0, 0, 0, 0, 0, 0, 0, 0, 0, 0, 0, 0, 0, 0, 0, 0, 0, 0, 0, 0, 0, 0, 0, 0, 0, 0, 0, 0, 0, 0, 0, 0, 0, 0, 0, 0, 0, 0, 0, 0, 0, 0, 0, 0, 0, 0, 0, 0, 0, 0, 0, 0, 0, 0, 0, 0, 0, 0, 0, 0, 0, 0, 0, 0, 0, 0, 0, 0, 0, 0, 0, 0, 0, 0, 0, 0, 0, 0, 0, 1.4013e-45, 7.00649e-45, 4.48416e-44, 2.8026e-43, 1.66054e-42, 9.33405e-42, 4.99367e-41, 2.55085e-40, 1.24767e-39, 5.85875e-39, 2.64743e-38, 1.15367e-37, 4.85754e-37, 1.97965e-36, 1, 
0, 0, 0, 0, 0, 0, 0, 0, 0, 0, 0, 0, 0, 0, 0, 0, 0, 0, 0, 0, 0, 0, 0, 0, 0, 0, 0, 0, 0, 0, 0, 0, 0, 0, 0, 0, 0, 0, 0, 0, 0, 0, 0, 0, 0, 0, 0, 0, 0, 0, 0, 0, 0, 0, 0, 0, 0, 0, 0, 0, 0, 0, 0, 0, 0, 0, 0, 0, 0, 0, 0, 0, 0, 0, 0, 0, 0, 0, 0, 0, 0, 0, 0, 0, 0, 0, 0, 0, 1.4013e-45, 8.40779e-45, 5.46506e-44, 3.32108e-43, 1.88755e-42, 1.02099e-41, 5.27225e-41, 2.60661e-40, 1.23707e-39, 5.64918e-39, 2.48755e-38, 1.05826e-37, 1, 
0, 0, 0, 0, 0, 0, 0, 0, 0, 0, 0, 0, 0, 0, 0, 0, 0, 0, 0, 0, 0, 0, 0, 0, 0, 0, 0, 0, 0, 0, 0, 0, 0, 0, 0, 0, 0, 0, 0, 0, 0, 0, 0, 0, 0, 0, 0, 0, 0, 0, 0, 0, 0, 0, 0, 0, 0, 0, 0, 0, 0, 0, 0, 0, 0, 0, 0, 0, 0, 0, 0, 0, 0, 0, 0, 0, 0, 0, 0, 0, 0, 0, 0, 0, 0, 0, 0, 0, 0, 0, 1.4013e-45, 1.12104e-44, 6.72623e-44, 3.82554e-43, 2.08373e-42, 1.08713e-41, 5.43129e-41, 2.60482e-40, 1.20196e-39, 5.34756e-39, 1, 
0, 0, 0, 0, 0, 0, 0, 0, 0, 0, 0, 0, 0, 0, 0, 0, 0, 0, 0, 0, 0, 0, 0, 0, 0, 0, 0, 0, 0, 0, 0, 0, 0, 0, 0, 0, 0, 0, 0, 0, 0, 0, 0, 0, 0, 0, 0, 0, 0, 0, 0, 0, 0, 0, 0, 0, 0, 0, 0, 0, 0, 0, 0, 0, 0, 0, 0, 0, 0, 0, 0, 0, 0, 0, 0, 0, 0, 0, 0, 0, 0, 0, 0, 0, 0, 0, 0, 0, 0, 0, 0, 0, 1.4013e-45, 1.26117e-44, 7.70714e-44, 4.24593e-43, 2.23647e-42, 1.12889e-41, 5.47011e-41, 2.55015e-40, 1, 
0, 0, 0, 0, 0, 0, 0, 0, 0, 0, 0, 0, 0, 0, 0, 0, 0, 0, 0, 0, 0, 0, 0, 0, 0, 0, 0, 0, 0, 0, 0, 0, 0, 0, 0, 0, 0, 0, 0, 0, 0, 0, 0, 0, 0, 0, 0, 0, 0, 0, 0, 0, 0, 0, 0, 0, 0, 0, 0, 0, 0, 0, 0, 0, 0, 0, 0, 0, 0, 0, 0, 0, 0, 0, 0, 0, 0, 0, 0, 0, 0, 0, 0, 0, 0, 0, 0, 0, 0, 0, 0, 0, 0, 0, 2.8026e-45, 1.54143e-44, 8.68805e-44, 4.59626e-43, 2.34157e-42, 1.14584e-41, 1, 
0, 0, 0, 0, 0, 0, 0, 0, 0, 0, 0, 0, 0, 0, 0, 0, 0, 0, 0, 0, 0, 0, 0, 0, 0, 0, 0, 0, 0, 0, 0, 0, 0, 0, 0, 0, 0, 0, 0, 0, 0, 0, 0, 0, 0, 0, 0, 0, 0, 0, 0, 0, 0, 0, 0, 0, 0, 0, 0, 0, 0, 0, 0, 0, 0, 0, 0, 0, 0, 0, 0, 0, 0, 0, 0, 0, 0, 0, 0, 0, 0, 0, 0, 0, 0, 0, 0, 0, 0, 0, 0, 0, 0, 0, 0, 0, 2.8026e-45, 1.68156e-44, 9.3887e-44, 4.84849e-43, 1, 
0, 0, 0, 0, 0, 0, 0, 0, 0, 0, 0, 0, 0, 0, 0, 0, 0, 0, 0, 0, 0, 0, 0, 0, 0, 0, 0, 0, 0, 0, 0, 0, 0, 0, 0, 0, 0, 0, 0, 0, 0, 0, 0, 0, 0, 0, 0, 0, 0, 0, 0, 0, 0, 0, 0, 0, 0, 0, 0, 0, 0, 0, 0, 0, 0, 0, 0, 0, 0, 0, 0, 0, 0, 0, 0, 0, 0, 0, 0, 0, 0, 0, 0, 0, 0, 0, 0, 0, 0, 0, 0, 0, 0, 0, 0, 0, 0, 0, 2.8026e-45, 1.82169e-44, 1, 
0, 0, 0, 0, 0, 0, 0, 0, 0, 0, 0, 0, 0, 0, 0, 0, 0, 0, 0, 0, 0, 0, 0, 0, 0, 0, 0, 0, 0, 0, 0, 0, 0, 0, 0, 0, 0, 0, 0, 0, 0, 0, 0, 0, 0, 0, 0, 0, 0, 0, 0, 0, 0, 0, 0, 0, 0, 0, 0, 0, 0, 0, 0, 0, 0, 0, 0, 0, 0, 0, 0, 0, 0, 0, 0, 0, 0, 0, 0, 0, 0, 0, 0, 0, 0, 0, 0, 0, 0, 0, 0, 0, 0, 0, 0, 0, 0, 0, 0, 0, 1, 
0, 0, 0, 0, 0, 0, 0, 0, 0, 0, 0, 0, 0, 0, 0, 0, 0, 0, 0, 0, 0, 0, 0, 0, 0, 0, 0, 0, 0, 0, 0, 0, 0, 0, 0, 0, 0, 0, 0, 0, 0, 0, 0, 0, 0, 0, 0, 0, 0, 0, 0, 0, 0, 0, 0, 0, 0, 0, 0, 0, 0, 0, 0, 0, 0, 0, 0, 0, 0, 0, 0, 0, 0, 0, 0, 0, 0, 0, 0, 0, 0, 0, 0, 0, 0, 0, 0, 0, 0, 0, 0, 0, 0, 0, 0, 0, 0, 0, 0, 0, 1, 
0, 0, 0, 0, 0, 0, 0, 0, 0, 0, 0, 0, 0, 0, 0, 0, 0, 0, 0, 0, 0, 0, 0, 0, 0, 0, 0, 0, 0, 0, 0, 0, 0, 0, 0, 0, 0, 0, 0, 0, 0, 0, 0, 0, 0, 0, 0, 0, 0, 0, 0, 0, 0, 0, 0, 0, 0, 0, 0, 0, 0, 0, 0, 0, 0, 0, 0, 0, 0, 0, 0, 0, 0, 0, 0, 0, 0, 0, 0, 0, 0, 0, 0, 0, 0, 0, 0, 0, 0, 0, 0, 0, 0, 0, 0, 0, 0, 0, 0, 0, 1, 
0, 0, 0, 0, 0, 0, 0, 0, 0, 0, 0, 0, 0, 0, 0, 0, 0, 0, 0, 0, 0, 0, 0, 0, 0, 0, 0, 0, 0, 0, 0, 0, 0, 0, 0, 0, 0, 0, 0, 0, 0, 0, 0, 0, 0, 0, 0, 0, 0, 0, 0, 0, 0, 0, 0, 0, 0, 0, 0, 0, 0, 0, 0, 0, 0, 0, 0, 0, 0, 0, 0, 0, 0, 0, 0, 0, 0, 0, 0, 0, 0, 0, 0, 0, 0, 0, 0, 0, 0, 0, 0, 0, 0, 0, 0, 0, 0, 0, 0, 0, 1, 
0, 0, 0, 0, 0, 0, 0, 0, 0, 0, 0, 0, 0, 0, 0, 0, 0, 0, 0, 0, 0, 0, 0, 0, 0, 0, 0, 0, 0, 0, 0, 0, 0, 0, 0, 0, 0, 0, 0, 0, 0, 0, 0, 0, 0, 0, 0, 0, 0, 0, 0, 0, 0, 0, 0, 0, 0, 0, 0, 0, 0, 0, 0, 0, 0, 0, 0, 0, 0, 0, 0, 0, 0, 0, 0, 0, 0, 0, 0, 0, 0, 0, 0, 0, 0, 0, 0, 0, 0, 0, 0, 0, 0, 0, 0, 0, 0, 0, 0, 0, 1, 
0, 0, 0, 0, 0, 0, 0, 0, 0, 0, 0, 0, 0, 0, 0, 0, 0, 0, 0, 0, 0, 0, 0, 0, 0, 0, 0, 0, 0, 0, 0, 0, 0, 0, 0, 0, 0, 0, 0, 0, 0, 0, 0, 0, 0, 0, 0, 0, 0, 0, 0, 0, 0, 0, 0, 0, 0, 0, 0, 0, 0, 0, 0, 0, 0, 0, 0, 0, 0, 0, 0, 0, 0, 0, 0, 0, 0, 0, 0, 0, 0, 0, 0, 0, 0, 0, 0, 0, 0, 0, 0, 0, 0, 0, 0, 0, 0, 0, 0, 0, 1, 
0, 0, 0, 0, 0, 0, 0, 0, 0, 0, 0, 0, 0, 0, 0, 0, 0, 0, 0, 0, 0, 0, 0, 0, 0, 0, 0, 0, 0, 0, 0, 0, 0, 0, 0, 0, 0, 0, 0, 0, 0, 0, 0, 0, 0, 0, 0, 0, 0, 0, 0, 0, 0, 0, 0, 0, 0, 0, 0, 0, 0, 0, 0, 0, 0, 0, 0, 0, 0, 0, 0, 0, 0, 0, 0, 0, 0, 0, 0, 0, 0, 0, 0, 0, 0, 0, 0, 0, 0, 0, 0, 0, 0, 0, 0, 0, 0, 0, 0, 0, 1, 
0, 0, 0, 0, 0, 0, 0, 0, 0, 0, 0, 0, 0, 0, 0, 0, 0, 0, 0, 0, 0, 0, 0, 0, 0, 0, 0, 0, 0, 0, 0, 0, 0, 0, 0, 0, 0, 0, 0, 0, 0, 0, 0, 0, 0, 0, 0, 0, 0, 0, 0, 0, 0, 0, 0, 0, 0, 0, 0, 0, 0, 0, 0, 0, 0, 0, 0, 0, 0, 0, 0, 0, 0, 0, 0, 0, 0, 0, 0, 0, 0, 0, 0, 0, 0, 0, 0, 0, 0, 0, 0, 0, 0, 0, 0, 0, 0, 0, 0, 0, 1, 
0, 0, 0, 0, 0, 0, 0, 0, 0, 0, 0, 0, 0, 0, 0, 0, 0, 0, 0, 0, 0, 0, 0, 0, 0, 0, 0, 0, 0, 0, 0, 0, 0, 0, 0, 0, 0, 0, 0, 0, 0, 0, 0, 0, 0, 0, 0, 0, 0, 0, 0, 0, 0, 0, 0, 0, 0, 0, 0, 0, 0, 0, 0, 0, 0, 0, 0, 0, 0, 0, 0, 0, 0, 0, 0, 0, 0, 0, 0, 0, 0, 0, 0, 0, 0, 0, 0, 0, 0, 0, 0, 0, 0, 0, 0, 0, 0, 0, 0, 0, 1, 
0, 0, 0, 0, 0, 0, 0, 0, 0, 0, 0, 0, 0, 0, 0, 0, 0, 0, 0, 0, 0, 0, 0, 0, 0, 0, 0, 0, 0, 0, 0, 0, 0, 0, 0, 0, 0, 0, 0, 0, 0, 0, 0, 0, 0, 0, 0, 0, 0, 0, 0, 0, 0, 0, 0, 0, 0, 0, 0, 0, 0, 0, 0, 0, 0, 0, 0, 0, 0, 0, 0, 0, 0, 0, 0, 0, 0, 0, 0, 0, 0, 0, 0, 0, 0, 0, 0, 0, 0, 0, 0, 0, 0, 0, 0, 0, 0, 0, 0, 0, 1, 
0, 0, 0, 0, 0, 0, 0, 0, 0, 0, 0, 0, 0, 0, 0, 0, 0, 0, 0, 0, 0, 0, 0, 0, 0, 0, 0, 0, 0, 0, 0, 0, 0, 0, 0, 0, 0, 0, 0, 0, 0, 0, 0, 0, 0, 0, 0, 0, 0, 0, 0, 0, 0, 0, 0, 0, 0, 0, 0, 0, 0, 0, 0, 0, 0, 0, 0, 0, 0, 0, 0, 0, 0, 0, 0, 0, 0, 0, 0, 0, 0, 0, 0, 0, 0, 0, 0, 0, 0, 0, 0, 0, 0, 0, 0, 0, 0, 0, 0, 0, 1, 
0, 0, 0, 0, 0, 0, 0, 0, 0, 0, 0, 0, 0, 0, 0, 0, 0, 0, 0, 0, 0, 0, 0, 0, 0, 0, 0, 0, 0, 0, 0, 0, 0, 0, 0, 0, 0, 0, 0, 0, 0, 0, 0, 0, 0, 0, 0, 0, 0, 0, 0, 0, 0, 0, 0, 0, 0, 0, 0, 0, 0, 0, 0, 0, 0, 0, 0, 0, 0, 0, 0, 0, 0, 0, 0, 0, 0, 0, 0, 0, 0, 0, 0, 0, 0, 0, 0, 0, 0, 0, 0, 0, 0, 0, 0, 0, 0, 0, 0, 0, 1, 
0, 0, 0, 0, 0, 0, 0, 0, 0, 0, 0, 0, 0, 0, 0, 0, 0, 0, 0, 0, 0, 0, 0, 0, 0, 0, 0, 0, 0, 0, 0, 0, 0, 0, 0, 0, 0, 0, 0, 0, 0, 0, 0, 0, 0, 0, 0, 0, 0, 0, 0, 0, 0, 0, 0, 0, 0, 0, 0, 0, 0, 0, 0, 0, 0, 0, 0, 0, 0, 0, 0, 0, 0, 0, 0, 0, 0, 0, 0, 0, 0, 0, 0, 0, 0, 0, 0, 0, 0, 0, 0, 0, 0, 0, 0, 0, 0, 0, 0, 0, 1, 
0, 0, 0, 0, 0, 0, 0, 0, 0, 0, 0, 0, 0, 0, 0, 0, 0, 0, 0, 0, 0, 0, 0, 0, 0, 0, 0, 0, 0, 0, 0, 0, 0, 0, 0, 0, 0, 0, 0, 0, 0, 0, 0, 0, 0, 0, 0, 0, 0, 0, 0, 0, 0, 0, 0, 0, 0, 0, 0, 0, 0, 0, 0, 0, 0, 0, 0, 0, 0, 0, 0, 0, 0, 0, 0, 0, 0, 0, 0, 0, 0, 0, 0, 0, 0, 0, 0, 0, 0, 0, 0, 0, 0, 0, 0, 0, 0, 0, 0, 0, 1, 
0, 0, 0, 0, 0, 0, 0, 0, 0, 0, 0, 0, 0, 0, 0, 0, 0, 0, 0, 0, 0, 0, 0, 0, 0, 0, 0, 0, 0, 0, 0, 0, 0, 0, 0, 0, 0, 0, 0, 0, 0, 0, 0, 0, 0, 0, 0, 0, 0, 0, 0, 0, 0, 0, 0, 0, 0, 0, 0, 0, 0, 0, 0, 0, 0, 0, 0, 0, 0, 0, 0, 0, 0, 0, 0, 0, 0, 0, 0, 0, 0, 0, 0, 0, 0, 0, 0, 0, 0, 0, 0, 0, 0, 0, 0, 0, 0, 0, 0, 0, 1, 
0, 0, 0, 0, 0, 0, 0, 0, 0, 0, 0, 0, 0, 0, 0, 0, 0, 0, 0, 0, 0, 0, 0, 0, 0, 0, 0, 0, 0, 0, 0, 0, 0, 0, 0, 0, 0, 0, 0, 0, 0, 0, 0, 0, 0, 0, 0, 0, 0, 0, 0, 0, 0, 0, 0, 0, 0, 0, 0, 0, 0, 0, 0, 0, 0, 0, 0, 0, 0, 0, 0, 0, 0, 0, 0, 0, 0, 0, 0, 0, 0, 0, 0, 0, 0, 0, 0, 0, 0, 0, 0, 0, 0, 0, 0, 0, 0, 0, 0, 0, 1, 
0, 0, 0, 0, 0, 0, 0, 0, 0, 0, 0, 0, 0, 0, 0, 0, 0, 0, 0, 0, 0, 0, 0, 0, 0, 0, 0, 0, 0, 0, 0, 0, 0, 0, 0, 0, 0, 0, 0, 0, 0, 0, 0, 0, 0, 0, 0, 0, 0, 0, 0, 0, 0, 0, 0, 0, 0, 0, 0, 0, 0, 0, 0, 0, 0, 0, 0, 0, 0, 0, 0, 0, 0, 0, 0, 0, 0, 0, 0, 0, 0, 0, 0, 0, 0, 0, 0, 0, 0, 0, 0, 0, 0, 0, 0, 0, 0, 0, 0, 0, 1, 
0, 0, 0, 0, 0, 0, 0, 0, 0, 0, 0, 0, 0, 0, 0, 0, 0, 0, 0, 0, 0, 0, 0, 0, 0, 0, 0, 0, 0, 0, 0, 0, 0, 0, 0, 0, 0, 0, 0, 0, 0, 0, 0, 0, 0, 0, 0, 0, 0, 0, 0, 0, 0, 0, 0, 0, 0, 0, 0, 0, 0, 0, 0, 0, 0, 0, 0, 0, 0, 0, 0, 0, 0, 0, 0, 0, 0, 0, 0, 0, 0, 0, 0, 0, 0, 0, 0, 0, 0, 0, 0, 0, 0, 0, 0, 0, 0, 0, 0, 0, 1, 
0, 0, 0, 0, 0, 0, 0, 0, 0, 0, 0, 0, 0, 0, 0, 0, 0, 0, 0, 0, 0, 0, 0, 0, 0, 0, 0, 0, 0, 0, 0, 0, 0, 0, 0, 0, 0, 0, 0, 0, 0, 0, 0, 0, 0, 0, 0, 0, 0, 0, 0, 0, 0, 0, 0, 0, 0, 0, 0, 0, 0, 0, 0, 0, 0, 0, 0, 0, 0, 0, 0, 0, 0, 0, 0, 0, 0, 0, 0, 0, 0, 0, 0, 0, 0, 0, 0, 0, 0, 0, 0, 0, 0, 0, 0, 0, 0, 0, 0, 0, 1, 
0
0
0
0
0
0
0
0
0
0
0
0
0
0
0
0
0
0
0
0
0
0
0
0
0
0
0
0
0
0
0
0
0
0
0
0
0
0
0
0
0
0
0
0
0
0
0
0
0
0
0
0
0
0
0
0
0
0
0
0
0
0
0
0
0
0
0
0
0
0
0
0
0
0
0
0
0
0
0
0
0
0
0
0
0
0
0
0
0
0
0
0
0
0
0
0
0
0
0
0
1
